-0.000000
-0.000490
-0.782401
0.556798
-0.514229
-0.337146
-0.360223
0.505355
1.981860
6.097731
1.853838
-0.392696
-0.133296
-1.007948
5.096085
-3.892034
1.654318
1.654210
0.896297
-2.132502
1.367129
-4.707350
3.546403
0.894511
-12.299018
7.908555
0.006424
3.313389
-0.357783
0.307966
0.654017
-8.889520
-1.208646
-15.448432
-10.065408
18.086202
0.737041
-1.210275
-0.093883
0.340557
-1.925389
6.575254
0.556038
-22.266012
10.757816
-21.931673
-16.149067
-13.761134
-11.316241
8.144872
13.461128
-23.724880
-2.648140
-10.927597
-17.514861
20.750607
2.722521
-8.843627
7.802223
5.006921
-22.266387
9.519799
-9.999980
5.502429
37.674153
32.372830
-6.668139
-0.854489
-0.196882
5.222613
-20.469525
0.921916
3.672700
-0.367073
3.816188
-9.339483
-16.963282
6.960550
0.427812
-3.578260
3.722872
25.641745
1.623098
-24.982604
4.155060
21.870598
-22.915857
4.585475
52.303976
0.944158
12.592430
0.097487
-4.458410
8.928570
8.837034
3.956343
-8.863302
-8.546409
20.808634
-48.751683
1.180153
-2.072531
-32.259020
5.072918
1.558331
-19.910687
-3.430266
-0.172183
4.142767
-1.230541
-31.188165
-6.785770
58.604290
3.467632
1.573413
10.851039
-34.745874
-7.557893
7.326789
8.139340
-2.706258
-21.471094
-65.428192
-6.091338
-40.412735
-6.905940
-0.745993
-30.904261
-13.806215
38.139791
-42.577187
-1.692588
-1.187191
-47.714021
-14.419527
7.547858
-7.241605
-14.479549
41.623416
27.438647
-0.258345
11.763233
55.175232
-55.072990
-44.459341
22.857754
60.701169
-32.075319
-81.281784
-13.722415
-26.872567
-83.381500
-50.075393
33.097535
-22.814044
9.245855
-39.401538
18.191591
-33.592113
-13.683709
-3.889456
0.037248
46.176672
31.704500
18.541086
19.277715
22.006118
4.108932
-33.786163
-18.319319
-89.852112
-47.436415
-37.277597
15.916372
-39.017801
-26.902499
44.944058
-6.388693
15.939308
8.043200
-35.212374
-0.132458
-26.996121
2.465861
22.452932
-14.192640
-66.175358
-71.386775
5.568308
-3.317376
42.195857
-1.661333
3.963870
4.299957
-111.556566
-52.584197
21.817957
1.789233
-53.699142
-2.500583
-33.740410
-97.290424
6.905179
-60.704025
-29.416982
-90.700919
-8.556067
11.091880
-14.055842
-47.637148
-27.920071
5.047376
-10.179294
22.439387
38.187401
102.373552
-2.101309
35.999300
-139.920945
-28.748887
-4.848449
19.288764
-60.972701
6.359687
49.479866
-5.733887
57.842725
19.946884
4.512790
-26.451251
-90.673622
-5.688462
-54.202760
26.166570
15.321379
-8.010706
111.229467
-34.230609
-2.267685
-17.362180
0.642292
52.245617
-66.328627
-5.039757
-12.756375
81.656393
12.004144
-54.574035
1.017299
-0.529676
-35.010937
-10.420777
58.088208
63.991483
-145.122479
-20.762398
11.096203
-160.284234
58.520437
10.904079
-57.330221
6.521878
165.527391
-14.345164
38.759620
40.313811
31.998870
106.962861
50.006605
-137.389044
1.647315
124.970895
-24.675950
26.589237
9.609222
-94.360705
64.536451
72.660100
0.687561
-62.078241
91.901835
18.324531
-2.803883
-110.433389
58.903672
39.810897
142.107286
-11.767243
45.638569
-0.413422
3.724859
-54.543869
12.049426
-20.609254
-45.263861
15.441202
-148.278535
-27.589944
5.525257
-22.670429
1.617133
6.036111
65.007848
-39.454163
19.289289
96.587097
113.104851
25.659152
0.334789
51.214900
-3.866512
-9.008362
51.876170
23.664549
106.117069
-66.732192
19.086030
110.858128
-163.880600
-33.435236
139.081666
0.652019
122.402734
-66.627190
155.208207
-94.705955
13.457356
-94.611174
-1.955309
-2.224732
-34.542357
-7.946294
72.745865
-25.408949
113.388959
53.353016
29.553710
46.794951
25.006314
-68.333292
131.470023
99.957012
-69.400293
108.323548
-3.633091
126.772054
-82.055825
-100.763918
13.393802
-60.899121
-110.323406
-94.816770
128.937192
8.266455
53.533281
50.804623
-9.477129
-64.916002
43.150310
-55.612074
108.750923
-145.684674
2.403038
-4.870841
14.595463
-25.989138
-26.572583
40.610845
36.238744
-8.147954
-68.275669
5.725843
4.698793
-121.455907
96.775735
-67.609464
-14.550329
-12.705584
-169.783092
-33.409698
90.988398
-19.964547
65.254201
17.372692
-128.629439
-39.909331
82.993586
23.005311
-265.721151
18.597212
27.496698
-56.212711
-0.862052
-36.678777
215.687522
44.068137
18.789474
-130.375941
44.675333
-61.987154
38.552196
69.428454
-23.478580
104.695724
-35.843357
-81.379005
258.742965
2.607625
-21.031895
7.910430
-150.393064
181.370686
38.786450
-34.269311
-50.179880
123.312587
-181.265808
-75.970652
3.728222
34.360489
73.899221
256.960079
-214.859297
3.954611
-86.732803
44.782926
-30.109270
-16.258031
-165.732621
57.901632
-3.656380
-179.151568
236.866892
40.273655
124.882935
43.595211
-11.163090
-67.159442
-112.559907
109.583912
-188.517258
170.144701
-67.869130
94.347261
-0.071951
5.036681
229.363561
-17.837717
47.761818
-47.187343
3.913779
2.218606
92.847072
-17.724315
8.012327
75.547855
-48.580774
32.217705
111.404661
7.367120
3.235897
-156.198940
-120.732584
-73.121378
16.533798
-141.313646
26.165539
-60.107322
-17.854860
71.021242
54.144953
-10.515536
-18.701288
-44.802134
160.872732
-284.547118
212.305038
-177.735835
-49.209190
69.332764
97.431099
-238.249114
-66.906509
-43.835702
-56.720117
1.354810
-95.914443
-255.844485
27.407185
60.204614
188.412004
235.891220
13.887010
12.712644
36.130582
-82.893942
-125.318735
-202.785976
-145.944309
43.392177
-62.054546
123.798542
-102.348509
193.349614
-23.227086
20.316508
-1.331462
39.890195
92.132042
-29.073664
-58.535176
-27.957425
20.375952
1.890145
88.474742
-166.531375
3.666318
20.775730
9.056502
15.270062
-234.625245
77.841404
112.070109
-99.196115
48.165560
68.103470
-12.833181
-26.327456
-283.412726
7.316947
223.207242
-64.743741
-21.320935
8.114134
-163.967432
-81.442924
22.899216
23.135377
13.176115
169.603973
-74.762455
-12.684132
-231.348691
-44.060380
-237.886708
104.724064
138.578647
64.859706
40.591824
-49.394575
28.230176
-137.816181
-18.702182
3.122797
49.822693
-30.295396
255.893158
-48.760662
19.771236
-87.603103
-4.441865
-0.648051
142.655558
-43.894385
-157.464826
380.541200
-149.958590
-26.447922
61.952644
5.243871
84.119885
21.615743
-7.672501
-20.565809
72.294400
114.043698
-0.606748
100.391988
-77.203793
-116.253154
-109.522356
119.231376
-183.020461
183.694975
110.163985
-82.583905
-31.151704
162.575021
18.578098
-6.769778
74.046747
-47.501640
41.310480
266.196874
43.847628
-305.123402
-353.718761
194.286594
52.026385
5.430963
-94.391652
-77.687374
-204.965068
152.918456
-41.892115
17.176758
37.892440
91.852819
64.024178
-6.426598
-10.477899
18.125131
96.944169
-31.104911
-9.124239
-17.085247
124.723874
135.980782
100.745014
2.954520
-21.218055
68.851978
-128.443577
275.529831
84.503223
-120.118108
138.559193
-207.203312
-24.550343
122.407205
-52.830612
161.801141
-35.707639
149.361178
-28.919386
-162.689109
11.637275
-168.102162
-28.088545
-38.163795
53.354047
168.101040
85.192890
-36.271426
2.557246
-40.802112
-53.167362
62.806670
56.343952
-30.883883
58.513414
8.616927
23.734756
-20.912106
27.812583
360.622102
19.131763
-0.632994
18.393330
134.720285
31.898720
96.941009
36.777936
-445.089730
24.388472
-165.164324
-48.105580
63.022760
41.637949
-214.428714
74.201823
-185.348387
160.151380
28.888666
260.321489
286.730846
41.879380
85.870577
158.989420
83.654739
-170.330212
191.758853
14.398855
-15.312097
-61.278258
155.734032
-0.867511
179.129357
-214.812867
-31.541939
-342.399995
-236.594587
-37.809099
42.889096
-127.370515
-10.939598
237.428817
16.761881
-94.162875
-67.909178
106.073915
-296.375943
1.438359
-4.506820
-32.441988
122.632785
92.978617
-4.251658
-131.076232
-184.607464
446.996616
21.759792
84.176701
121.185442
-42.869465
9.454065
85.992853
-11.819304
-42.724013
1.698246
73.903713
-191.010024
-2.934251
-279.819478
-40.428685
-48.791392
501.641863
37.677619
-335.420009
-258.773422
92.509410
-91.470001
-92.058230
-7.164990
259.067593
-44.928687
45.646530
36.100976
-51.275901
-124.680010
159.143932
24.097501
535.943788
-75.880837
-189.304325
-117.373214
-90.423430
-18.514888
491.248521
-134.487258
40.895707
-52.997437
-134.222374
37.254288
82.895373
78.209198
-248.849709
-105.684542
-3.488501
-37.144100
12.673353
-510.361397
-122.114273
-190.274068
-0.795899
-258.740771
49.027166
-3.445033
-125.101936
168.140406
-274.629721
-171.123021
26.706016
260.120803
-258.503323
60.364500
-183.888703
-360.945979
254.912358
-152.002263
-85.227278
-64.997194
174.178726
23.483929
-13.210037
-87.317835
147.404852
4.454986
2.365271
6.490455
39.222154
285.588293
307.314293
328.334276
-10.013125
-176.949208
-26.939614
470.116578
160.461560
79.803813
-100.498854
-156.293668
-300.826653
-322.942806
-38.468952
-127.967436
6.137439
-73.639012
3.747899
276.473501
-8.393937
63.673559
-190.709283
-14.195968
-317.061723
196.283531
-190.446312
-164.296497
-112.006017
-4.488265
40.857100
-160.260969
-34.933040
275.778505
179.058970
-246.554749
-187.010900
-140.410971
6.488761
-49.470528
-83.227069
213.866716
48.337630
203.123032
55.814703
496.077832
-36.091429
436.949914
200.568342
16.785324
5.915187
9.529664
-316.006685
-434.082276
-46.605926
-19.497180
-46.278066
405.671584
-1.614418
247.411295
-14.177594
-217.596363
-15.474801
8.808099
-184.191342
-68.730060
-263.081226
-104.782974
-13.969995
-88.465327
33.837881
-92.528870
60.851990
-1.406082
56.799538
-58.362364
5.937054
-177.426496
195.577458
277.191525
-176.585308
2.044585
2.187057
-58.735619
-3.795649
-321.959975
-261.695973
-345.521438
22.181950
-19.092470
48.443984
33.571943
-85.484968
31.933344
8.604729
333.148794
162.169943
34.572672
34.572777
133.906551
202.600036
176.725913
149.703359
-33.469515
-95.474208
-30.693498
22.339268
-1.193469
28.772545
-36.625633
-6.789425
-161.887162
189.913645
282.162272
124.912475
-261.786258
-127.266105
201.955823
-21.106681
-128.821919
170.947527
-308.551781
-87.700292
335.007449
-23.234132
134.196062
-24.648385
221.860857
87.884949
13.135977
199.074455
174.207690
204.042101
-444.903069
134.152734
-10.581546
-325.305044
-137.627075
275.915166
480.761548
-123.951360
-301.515504
-2.818489
-569.100826
191.132531
-99.572046
48.580038
77.756348
60.248812
-55.267764
11.689068
5.307457
-357.984875
230.051790
58.117123
142.156648
285.931156
132.790246
-159.917594
-43.769024
95.509455
-116.355807
-39.726090
-486.840640
-1.917603
-179.395686
-183.900707
118.013047
-150.766498
-296.195236
-15.494161
-154.469769
-422.918346
-513.986751
-384.928954
-175.283093
154.766986
-126.351369
-6.865242
-82.673395
-114.675301
106.446401
56.823639
14.642804
190.956907
37.185530
159.388313
-207.472115
-169.464506
233.476597
119.886552
276.689911
-217.811687
-3.744820
-209.290132
-299.022039
57.960590
-336.470981
104.442372
586.097800
-76.543500
-71.351798
164.674078
60.393425
-188.858061
116.213087
41.475166
118.808469
7.841864
386.488695
205.174963
140.311313
-58.882615
-126.002935
-272.835892
36.405980
89.565031
24.795177
1.672338
-149.375386
-5.464023
260.171537
214.271207
121.802657
162.027193
168.600014
168.743278
-476.737772
-138.123707
4.461012
387.759289
-106.733135
3.955478
16.142015
