0.000000
0.173042
0.010095
0.337449
-0.204644
0.749583
-0.048785
2.200013
1.285418
-3.768436
2.536669
-2.104791
-5.340482
0.443489
-2.455280
-0.344075
4.859889
6.608034
9.840152
-2.794027
1.815273
0.022283
0.212381
1.124784
-0.182462
3.146824
6.249611
-15.822141
-19.607137
7.795811
1.100458
1.692010
3.444643
-5.638368
1.294134
-13.815471
-3.909833
-2.797485
14.307889
-21.575059
-4.731181
-0.248627
-1.654319
-10.295975
-1.038600
13.033812
-12.851275
-1.967436
-13.989111
7.301135
-0.747413
1.413724
5.013877
-0.011143
0.417232
-21.328564
4.994060
5.950485
-6.673643
1.535640
12.591821
-6.849499
23.126791
-5.226523
-2.007998
-16.378427
-23.068582
-11.634835
19.944449
20.963098
-31.700528
5.781715
31.254227
-14.952124
21.219980
-0.116573
-4.532737
31.076179
3.195657
-27.184236
-1.285996
16.955564
2.879211
11.489004
-3.735070
21.250271
-12.201964
17.208050
1.444299
4.854008
-17.850040
35.537728
1.051947
2.729498
-8.281138
35.287040
-21.926365
-9.957923
1.337510
-42.721055
-18.883885
-10.534782
-51.910355
9.891405
-22.497812
-16.473591
-1.649703
11.746241
5.933980
-7.114333
-1.325488
-23.197441
16.999043
-13.783719
-18.595496
-13.544847
-30.406711
-34.292370
34.582718
2.645836
17.533974
-2.826990
35.813024
18.137067
47.973455
37.637370
-5.222506
-7.600216
26.562222
-36.209321
-1.627454
-44.112758
4.550835
10.640113
-0.011088
2.550097
29.451523
2.711157
0.441614
2.011229
-9.529448
2.400129
-0.062933
34.716066
0.047241
16.075953
-9.091160
-46.219663
-17.563230
-0.978660
23.561617
11.650063
12.892848
4.727361
-44.432540
7.052582
-17.042241
0.577279
25.932765
27.038005
19.624546
-19.534216
25.407947
-35.203933
4.139124
0.783813
77.500367
-31.238983
74.289732
1.913277
-68.924282
-7.597340
9.183346
23.610536
-6.915460
-24.170690
8.368305
5.783964
21.480294
-42.645172
-5.428990
0.482707
4.034496
-6.313461
5.308829
-4.196390
-16.534313
21.253089
-0.618793
-7.980625
-3.136879
-4.992015
13.708225
-23.538889
-38.444004
-51.039350
2.281646
13.198661
-19.721429
-2.266188
2.352041
24.600707
9.620769
-15.138037
-58.794272
54.591752
34.749998
40.282824
-6.946885
2.533072
29.150793
-40.076845
-69.379507
-16.009928
13.878582
5.372921
-101.227053
-11.594306
-0.426030
41.528834
-72.628865
-55.876446
-28.716785
0.722753
-51.958128
64.200042
-1.116945
-27.004760
34.132580
-25.427409
-19.168447
-37.482127
6.516265
-148.477428
70.550953
-0.477593
45.046050
-10.357651
41.349032
58.539297
66.801879
-76.755826
-40.553728
-101.348429
-12.104430
-68.379705
0.528679
37.486020
120.525589
-9.864628
42.502517
48.086983
10.811654
2.021490
95.391012
17.973735
-33.471637
57.594349
-30.888169
27.097563
-24.306150
-125.715406
39.579604
11.887538
112.815705
-129.945109
-0.757862
-5.977201
9.407138
-84.156973
23.057687
41.455409
1.845335
90.547886
26.444878
1.173262
133.056252
-14.741992
88.462647
110.671571
31.606068
-47.480535
-79.006035
37.432892
23.868410
-7.334816
49.980991
-23.084955
-198.089036
-177.234430
-6.632235
23.217684
-33.310812
-130.700840
-87.693674
24.460907
5.797057
-28.861552
-93.218483
-25.728144
-90.864698
-71.843278
10.892165
-164.818036
-16.076123
56.805770
-122.342079
6.344745
-90.956493
12.068475
-33.016050
-34.921382
47.360146
1.373217
-2.495798
28.855443
-46.413981
-132.920289
-15.510673
-130.320947
14.013794
-5.735908
37.657308
-11.420567
-94.320126
-62.213414
-0.715627
-0.007755
-48.854766
-15.655133
21.365512
-37.381159
-39.897265
26.308077
-241.989036
123.307906
-73.391316
17.625137
-81.521277
103.255826
-63.936207
-81.450747
4.212952
30.676373
3.722182
-97.236527
-29.274539
54.599758
-32.197651
-104.374247
-123.045716
-41.850554
-30.421262
-20.923081
-23.420211
15.496384
91.333236
5.509273
61.126057
0.234577
-295.135029
30.678353
2.100946
-27.308748
-3.635159
-58.393116
-36.189474
5.097687
-39.720679
65.332026
23.240615
-78.915721
5.723310
241.148189
-47.202266
12.941860
-37.340220
-7.082443
162.327635
-103.701229
46.542750
59.535287
52.500509
-1.971048
-28.020047
20.871162
-1.412142
-31.216655
261.039674
31.045012
-6.588728
-37.312823
-72.449647
-41.957473
-97.261318
-2.283788
49.793298
7.108310
-55.457751
-57.786331
36.841702
-5.353591
6.700982
-98.737908
20.082361
-6.514815
-23.357188
-6.722273
-33.191437
95.483016
12.835111
-85.252783
-26.431191
97.526517
21.100296
49.196313
22.837868
59.748010
48.719749
6.385455
-41.395048
-38.687762
-20.014301
11.381246
-70.488116
139.777101
15.207776
-32.552595
2.029073
-0.541147
-148.904544
38.190401
-69.950999
184.906635
-58.891914
-18.290745
-3.037448
-220.976107
-48.960565
42.589773
2.596885
249.905118
-17.942912
100.623527
-230.752151
-45.324219
-36.381161
-90.869962
231.193386
-1.689127
-25.293427
-16.926789
1.057478
-203.099919
126.420036
75.664615
17.993069
-12.129167
87.476565
180.374811
10.478293
172.975974
9.736498
-50.375827
-189.669719
-79.775341
46.465592
204.941044
48.935645
-82.798746
35.494602
-52.845964
16.571011
23.480076
27.392242
283.971108
-25.059067
-53.430586
-90.328255
53.451367
-101.623645
30.118219
-17.520585
127.470093
-174.524429
-36.781443
9.431955
-24.979258
49.956695
282.237646
-51.533302
4.422999
-75.540016
41.618514
-4.198249
-52.679670
-44.339586
-27.381106
177.810056
27.263413
-3.243043
-0.942948
162.047507
-66.891196
263.586319
15.376796
-11.808199
30.040417
25.575486
-4.641342
-41.955104
-4.084859
64.667190
-181.962868
-16.476380
-144.624502
49.537785
54.145907
-44.985560
-251.408775
-174.347937
-24.567305
-144.998038
-288.267932
52.410038
-148.737463
144.607202
91.375054
415.155277
6.757592
15.066901
8.148820
-257.636351
316.329612
53.747989
-25.880200
197.598051
4.455696
200.741949
6.294267
-26.186208
36.643189
207.699108
209.395279
56.181910
5.957995
51.205950
-51.848141
-108.959776
-64.397516
-73.847686
59.057494
155.602207
-77.262177
-34.101867
27.405894
-147.915532
213.069425
-20.301851
-272.969482
-124.453192
164.063169
-409.128586
-61.466506
177.132817
-78.817915
-8.735254
132.353215
-103.632645
-115.457477
-185.594266
24.966326
216.398539
45.871130
3.348531
-87.812363
-43.460450
-461.923045
10.533206
28.920920
-231.679699
76.285114
-39.125814
55.198618
-109.942999
133.938091
-81.157429
169.798369
145.351347
-3.686121
-15.400060
-167.301428
113.031361
228.776325
35.862828
29.164488
88.942924
-87.949665
1.027313
32.857127
57.332059
-168.048230
-57.522782
114.787984
-11.328970
-31.775745
143.342586
-52.706370
6.884521
-418.701177
48.666246
171.569375
-231.231556
-22.687086
-169.057954
5.604670
97.198993
-254.050251
-76.972684
81.290788
-140.039546
121.866757
90.044874
44.193937
-84.801170
-248.405177
120.161234
114.853511
-51.503497
-127.361150
-42.036689
48.539343
1.489142
11.157242
27.648766
-112.381860
-130.320901
-83.206049
-337.051305
-270.841454
-209.017897
-125.577414
317.532090
-176.345671
-5.962830
-233.059350
110.438759
88.347756
20.714603
-61.825545
293.326443
281.737032
187.411157
29.106375
63.014892
-83.062898
-49.692723
-222.969289
171.118620
-15.231581
154.777473
-53.453003
-37.493988
252.804785
-56.186077
-90.261030
-268.934933
1.010408
119.334449
-153.014442
-8.039169
21.986889
-61.060209
139.183084
3.087488
-7.281966
-122.733841
-38.328496
-9.503336
-1.684618
-7.785622
295.185244
57.086602
-6.688664
-140.332289
7.785977
38.481279
169.984884
55.743171
-251.199773
137.358627
26.682391
188.998736
-44.794900
-35.453665
176.981363
-451.200881
58.633697
-10.633046
-213.522825
-41.428319
-61.122593
59.737784
-39.303434
-28.849660
-154.501061
-272.131381
119.561193
185.128919
148.660708
-140.489857
15.598199
39.944978
7.585811
89.081854
113.679137
29.752288
-133.557094
-1.739802
-3.076338
232.425450
-20.396539
-147.848928
-83.724239
0.708955
153.528783
45.059898
-328.017170
102.473929
-12.445919
171.240672
301.421012
161.442555
16.043492
-109.841775
182.749049
247.013547
212.623182
-14.265882
77.487968
-1.942675
-44.865626
1.864858
-12.215659
-158.566311
-47.062173
-18.392740
21.573253
8.157092
58.960914
-46.767132
-63.667303
100.848042
13.009981
482.482297
-114.508118
-17.190708
41.277580
6.998004
-335.391645
-96.213287
69.008193
-56.097530
-2.893966
-335.678098
82.210724
-134.909045
-38.733730
57.062495
10.023067
-299.872126
-491.756860
-39.632946
436.932623
-236.905920
324.780188
363.974819
41.973170
-129.984275
-151.058354
11.582520
73.506973
212.585012
-164.682049
439.077716
113.840970
-62.639241
115.174317
74.264326
308.567447
4.525055
97.604150
-75.578965
-152.249921
157.808180
284.773216
-150.560251
17.756714
-124.911919
33.941627
182.153334
-30.987075
-1.608955
104.084346
91.991246
-389.352243
-30.946327
-510.962424
138.050793
336.334567
135.379037
-69.862113
-45.399461
197.279291
-26.818029
45.135758
-18.285120
-7.457060
-66.072598
-79.959394
50.695051
-403.397975
-212.438058
10.185095
-24.435739
27.539732
-42.302534
40.719871
-405.150433
-283.496126
192.799059
-36.627403
618.250118
519.358003
216.731054
-256.676845
-67.304507
433.870147
-13.084828
411.315993
-245.256843
10.731377
-475.095945
168.362916
-17.330880
-61.357903
-190.036352
-6.145486
26.270306
79.862734
194.444596
-13.576031
-152.482158
151.831718
36.193570
291.601076
357.634038
-169.961504
-117.530780
72.478651
236.344037
354.933113
-482.989142
-79.325588
420.019315
292.013474
94.003096
-553.179172
41.860931
-92.013569
-185.138020
432.521696
87.247323
-72.532990
-96.710538
-374.160463
95.505520
-17.170319
180.498020
-311.464016
-202.528737
-249.853608
232.888902
-62.367696
228.934500
44.197646
17.692018
283.421207
254.654813
228.839573
207.492601
362.765040
-87.318494
409.466910
255.443764
9.963856
83.296311
41.826763
2.744816
-75.914200
72.241173
8.645895
-45.103084
-252.894678
-56.484057
159.391263
-47.227835
-19.660328
193.751160
96.634485
12.688982
51.981553
-226.814611
164.754596
10.001957
343.940360
286.118492
-73.194327
432.264339
190.460667
-5.650782
80.364594
77.918507
310.316062
-360.517201
-208.954330
95.306539
496.736598
35.927254
-101.990891
-3.712142
-430.537986
75.840676
-35.756328
-156.649723
-65.856997
289.935822
229.189379
-102.717625
-102.500661
-325.540408
-86.322296
-96.552294
7.619358
48.508570
163.750856
27.506770
175.678748
242.914622
-91.965183
-56.181898
258.551222
108.380936
11.937239
9.781504
77.959697
-312.673232
-7.871999
-336.968638
171.067235
0.417756
54.900496
-458.563434
-296.004174
4.026375
-63.345417
11.671176
-5.191736
104.880867
69.380174
-47.868534
-122.217572
74.507290
101.234344
263.136883
257.587745
195.496260
179.058337
-14.730278
-56.088310
381.388737
391.071508
-5.095752
7.831623
-299.464087
-229.190946
219.501095
-149.485586
182.717736
332.959191
166.020539
238.912141
-50.855817
34.779509
259.023025
136.846709
-184.818529
445.376217
83.360383
71.382612
-370.315875
-110.864062
593.964337
-68.168960
-244.420584
126.113699
14.214368
-474.442428
4.114226
-50.360919
264.254850
-31.186004
433.201101
1.579696
-235.483003
131.526555
7.220410
-395.593164
308.163416
-107.488748
139.462250
-112.864769
-129.874577
-197.097039
