0.000000
0.172553
-0.772306
0.894247
-0.718872
0.412437
-0.409008
2.705368
3.267278
2.329295
4.390507
-2.497486
-5.473778
-0.564459
2.640805
-4.236110
6.514206
8.262244
10.736450
-4.926529
3.182402
-4.685067
3.758784
2.019295
-12.481481
11.055379
6.256036
-12.508753
-19.964920
8.103777
1.754474
-7.197510
2.235997
-21.086800
-8.771274
4.270731
-3.172792
-4.007760
14.214006
-21.234502
-6.656569
6.326628
-1.098281
-32.561988
9.719216
-8.897861
-29.000342
-15.728569
-25.305352
15.446007
12.713715
-22.311156
2.365736
-10.938741
-17.097630
-0.577957
7.716581
-2.893142
1.128581
6.542561
-9.674566
2.670300
13.126811
0.275906
35.666156
15.994403
-29.736721
-12.489324
19.747567
26.185711
-52.170053
6.703631
34.926927
-15.319197
25.036168
-9.456056
-21.496019
38.036729
3.623469
-30.762496
2.436876
42.597309
4.502308
-13.493599
0.419990
43.120869
-35.117821
21.793525
53.748275
5.798166
-5.257610
35.635214
-3.406463
11.658069
0.555896
39.243383
-30.789667
-18.504331
22.146144
-91.472738
-17.703732
-12.607313
-84.169374
14.964322
-20.939482
-36.384278
-5.079969
11.574058
10.076746
-8.344873
-32.513653
-29.983211
75.603333
-10.316087
-17.022083
-2.693808
-65.152584
-41.850263
41.909507
10.785176
14.827715
-24.298084
-29.615168
12.045730
7.560719
30.731430
-5.968500
-38.504477
12.756007
1.930470
-44.204641
-45.805345
3.363644
-37.073908
-14.430615
10.097955
22.209917
-11.768392
42.065030
29.449877
-9.787794
14.163362
55.112298
-20.356924
-44.412100
38.933707
51.610009
-78.294982
-98.845014
-14.701075
-3.310949
-71.731438
-37.182545
37.824896
-67.246584
16.298437
-56.443780
18.768870
-7.659347
13.354297
15.735090
-19.496968
71.584619
-3.499433
22.680210
20.061528
99.506485
-27.130050
40.503568
-16.406042
-158.776394
-55.033755
-28.094250
39.526908
-45.933262
-51.073189
53.312363
-0.604728
37.419601
-34.601972
-40.641364
0.350249
-22.961624
-3.847600
27.761761
-18.389030
-82.709671
-50.133687
4.949515
-11.298001
39.058979
-6.653348
17.672095
-19.238933
-150.000571
-103.623547
24.099603
14.987893
-73.420570
-4.766771
-31.388369
-72.689717
16.525948
-75.842062
-88.211254
-36.109168
26.193931
51.374704
-21.002728
-45.104075
1.230721
-35.029468
-79.558802
6.429459
52.065983
107.746473
-103.328362
24.404994
-140.346975
12.779947
-77.477314
-36.587682
-89.689485
7.082439
-2.478263
58.466155
56.725781
-7.057875
38.645370
-51.878659
-109.842069
-43.170588
-47.686495
-122.310858
85.872332
-8.488300
156.275517
-44.588259
39.081347
41.177118
67.444172
-24.510209
-106.882355
-106.388186
-24.860805
13.276688
12.532823
-17.088014
121.542888
-10.394304
7.491580
37.666206
68.899862
66.012973
-49.731467
-2.788663
-22.375434
-102.689885
27.632268
38.001642
-81.636370
-119.193528
205.106994
-2.457626
151.575326
-89.631298
31.241008
100.985660
59.413743
-221.546016
24.705002
166.426304
-22.830615
117.137123
36.054100
-93.187442
197.592703
57.918108
89.150208
48.593331
123.507903
-29.156005
-81.809917
-73.000497
82.772082
32.476081
192.088277
-34.852198
-152.450467
-177.647852
-2.907376
-31.326185
-21.261385
-151.310094
-132.957535
39.902109
-142.481478
-56.451497
-87.693227
-48.398573
-89.247565
-65.807167
75.900012
-204.272199
3.213166
153.392868
-9.237229
32.003897
-90.621703
63.283375
-36.882563
-43.929744
99.236317
25.037766
103.621271
-37.876748
-27.327952
-22.062161
-179.391273
-163.756183
153.095460
-5.083889
160.060042
-78.047758
60.888080
-156.919369
12.741729
-94.618929
-50.810075
-17.879865
-13.176845
-45.327453
32.848600
0.899128
-128.600077
176.660922
-43.837606
64.420088
-56.514963
34.922534
67.533815
18.506265
-65.187341
138.999921
0.089091
29.535527
-111.330365
-46.164160
-18.803848
-165.273368
-233.369122
-136.667325
98.515930
-12.656626
30.113069
66.301007
81.856108
-59.406729
104.276366
-55.377497
-186.384106
-115.006321
4.503984
-32.179589
10.960304
-84.382254
-62.762058
45.708532
-3.481935
57.184072
-45.035054
-73.189878
10.422103
119.692282
49.573468
-54.667604
-51.890549
-19.788027
-7.455457
-137.110927
137.531148
39.570740
117.754710
15.401643
-156.649486
-19.038169
81.581444
-8.211344
-4.681478
49.642225
20.907969
-93.525534
-73.311699
-78.636250
118.426204
41.784349
68.582772
-123.267631
-10.782418
-119.773485
75.393898
64.074863
-16.777598
5.957815
-15.760996
-87.893820
235.385777
-4.114648
-54.223331
103.393446
-137.557953
96.117903
12.355259
63.257206
-29.079584
172.508900
-158.427939
-16.222643
52.447971
40.745944
32.504174
218.272317
-234.873598
15.335857
-157.220919
184.560027
-14.901493
-48.810626
-163.703548
57.360485
-152.560924
-140.961166
166.915894
225.180289
65.991021
25.304466
-14.200537
-288.135549
-161.520472
152.173685
-185.920373
420.049819
-85.812042
194.970788
-230.824102
-40.287538
192.982400
-108.707679
278.955204
-48.876470
-21.379648
-14.708183
93.904550
-220.824233
134.432363
151.212470
-30.587705
20.088538
198.881226
187.741931
13.714190
16.777034
-110.996086
-123.497205
-173.135921
-221.088987
72.631131
144.833722
31.080785
-11.777503
89.639555
-63.361500
-2.130276
-21.322058
188.264974
-0.576010
187.245970
-231.166421
-139.537445
122.784131
-4.192546
-208.130896
-84.427094
83.634391
-231.244546
-35.426633
-86.482487
-280.823743
77.363879
342.442259
136.878702
240.314219
-61.653005
54.331158
31.932333
-135.573612
-169.658321
-230.167083
31.865748
70.655589
-65.297590
122.855595
59.698998
126.458418
240.359233
35.693304
-13.139661
69.930612
117.707528
-33.715006
-100.490280
-32.042284
85.043142
-180.072723
71.998362
-311.155877
53.204103
74.921637
-35.929058
-236.138713
-408.973183
53.274099
-32.927930
-387.464047
100.575598
-80.633993
131.774021
65.047599
131.742551
14.074540
238.274142
-56.594921
-278.957285
324.443745
-110.219443
-107.323123
220.497267
27.591073
213.918064
175.898240
-100.948663
23.959057
-23.649583
165.334899
-181.704798
110.682058
189.784597
13.011565
-68.367953
-113.792091
-45.617510
-78.758687
136.900025
-74.139380
15.720826
-2.889502
107.977627
164.308763
-0.530615
-360.572585
-128.895057
163.415119
-266.473028
-105.360891
19.667991
301.723286
-158.693844
105.905293
-41.680001
-110.213606
-101.474381
46.582069
208.726039
25.305321
75.642931
26.231335
-44.067198
-361.531058
-66.670587
-87.332234
-341.202055
195.516490
-222.146275
238.893593
0.220986
51.354185
-112.309133
332.373390
163.929445
-10.455899
58.646687
-214.803068
154.341841
494.973199
79.710456
-275.958914
-264.775836
106.336929
53.053699
38.288090
-37.059594
-245.735604
-262.487849
267.706441
-53.221085
-14.598987
181.235026
39.146450
70.908699
-425.127775
38.188347
189.694506
-134.287386
-53.791997
-178.182193
-11.480577
221.922867
-118.069469
23.772330
84.245308
-161.257601
190.718735
-38.398703
319.723767
-0.297947
-368.523284
258.720428
-92.349801
-76.053840
-4.953945
-94.867301
210.340484
-34.218497
160.518420
-1.270619
-275.070969
-118.683626
-251.308210
-365.139851
-309.005249
-155.663850
42.523626
402.724981
-212.617097
-3.405585
-273.861462
57.271397
151.154426
77.058555
-92.709428
351.839856
290.353959
211.145913
8.194269
90.827475
277.559204
-30.560960
-223.602283
189.511950
119.488704
186.676193
43.488006
-0.716052
-192.284945
-31.797605
-255.425353
-317.040513
64.033168
160.972399
-367.443156
66.162655
-163.361497
99.091171
168.071750
263.408977
279.448880
-80.854461
47.542081
149.486084
81.970121
-178.115834
486.944097
71.485456
-22.000761
-201.610547
163.520009
37.613768
349.114242
-159.069696
-282.741711
-205.041367
-209.912196
151.189637
-1.905804
-162.824180
166.041766
-213.772064
75.395578
-104.795922
-281.432004
64.645596
-357.498536
61.176143
-43.810253
-61.291649
-31.868276
-179.152764
115.309535
54.052687
-35.946756
306.506759
37.357991
124.121678
128.771254
46.212390
123.133201
115.745141
-145.376398
-44.463815
-1.378092
306.329163
-211.406563
-150.783180
-363.543718
-39.719730
104.737391
546.701761
-290.339550
-232.946080
-271.219340
263.750082
209.951010
69.384325
8.878502
149.225818
137.820362
292.660077
248.724158
-65.541783
-47.192042
157.201257
-20.768125
537.808646
-88.096495
-347.870636
-164.435387
-108.816170
3.058365
499.405612
-75.526344
-5.871426
-116.664740
-33.374331
50.264269
565.377670
-36.298920
-266.040416
-64.406963
3.509504
-372.535746
-83.539933
-441.353204
-178.211803
-193.168034
-336.473997
-176.530047
-85.881878
-42.178764
-68.039441
178.163472
-574.501848
-662.879881
-12.926930
697.053426
-495.409242
385.144687
180.086116
-318.972809
124.928083
-303.060618
-73.644758
8.509779
386.763738
-141.198120
425.867679
26.523135
84.765611
119.629303
76.629598
315.057902
43.747210
383.192443
231.735328
176.084355
147.795054
107.824008
-177.499865
487.873291
35.549641
113.745441
81.654481
-187.280743
-302.435608
-218.858461
53.522294
-517.319678
-24.808888
-584.601436
141.798692
612.808067
126.985100
-6.188554
-236.108744
183.083324
-343.879752
241.419289
-208.731432
-171.753556
-178.078615
-84.447658
91.552151
-563.658944
-247.371098
285.963600
154.623231
-219.015016
-229.313433
-99.691100
-398.661673
-332.966654
109.571990
177.239314
666.587748
722.481035
272.545757
239.400987
-103.395936
870.820061
187.483515
428.101316
-239.341655
20.261041
-791.102630
-265.719360
-63.936806
-80.855083
-236.314418
399.526098
24.655888
327.274029
180.267002
-231.172394
-167.956959
160.639816
-147.997772
222.871016
94.552811
-274.744478
-131.500775
-15.986675
270.181918
262.404243
-422.137152
-80.731670
476.818854
233.651110
99.940150
-730.605667
237.438389
185.177956
-361.723328
434.566281
89.434380
-131.268609
-100.506187
-696.120439
-166.190453
-362.691757
202.679970
-330.556486
-154.084753
-216.281664
147.403933
-30.434352
237.539229
377.346440
179.861962
317.993879
289.227591
362.746124
410.092637
539.490953
62.384865
375.997394
159.969556
-20.729641
105.635579
40.633294
31.517362
-112.539834
65.451747
-153.241267
144.810561
29.267594
68.428418
-102.394994
-174.493940
182.295495
172.644479
-32.187434
183.636509
-256.570228
-314.514903
499.762045
-13.232174
478.136422
261.470107
148.666531
520.149288
203.596644
193.423673
254.572284
281.960608
-134.587007
-226.364467
-219.535876
-229.998505
359.109523
311.842421
378.770658
-127.663502
-732.053490
73.022187
-604.857155
34.482808
-165.429043
338.515860
306.945727
-42.468812
-157.768425
-313.851339
-81.014840
-454.537169
237.671148
106.625693
305.907504
313.437926
308.468994
82.997029
-135.734206
39.327557
142.195415
68.654845
-474.903401
7.863901
-101.435989
-496.573939
110.141049
-487.735137
-125.128001
-15.076405
-99.569273
-881.481780
-809.990925
-380.902579
-238.628509
166.438162
-131.543106
98.015625
-13.293222
-162.543835
-15.771171
131.330929
115.877148
454.093790
294.773275
354.884573
-28.413779
-184.194785
177.388287
501.275290
667.761419
-222.907438
4.086802
-508.754219
-528.212986
277.461685
-485.956567
287.160108
919.056992
89.477039
167.560343
113.818262
95.172934
70.164964
253.059795
-143.343363
564.184686
91.202247
457.871307
-165.140912
29.447251
535.081722
-194.171895
-517.256477
162.519679
103.779399
-449.647252
5.786564
-199.736305
258.790827
228.985532
647.472309
123.382353
-73.455810
300.126569
175.963688
-872.330936
170.039709
-103.027737
527.221539
-219.597904
-125.919099
-180.955024
