0.000354
0.000054
0.000033
0.000083
0.000087
0.000080
0.000018
0.000007
0.000010
0.000000
0.000019
0.000000
0.000011
0.000009
0.000023
0.000007
0.000012
0.000018
0.000010
0.000015
0.000000
0.000006
0.000024
0.000008
0.000000
0.000008
0.000015
0.000000
0.000000
0.000041
0.000000
0.000021
0.000000
0.000000
0.000022
0.000000
0.000000
0.000007
0.000000
0.000007
0.000015
0.000011
0.000012
0.000000
0.000000
0.000000
0.000006
0.000000
0.000000
0.000000
0.000009
0.000030
0.000009
0.000011
0.000021
0.000000
0.000000
0.000053
0.000000
0.000010
0.000009
0.000000
0.000032
0.000011
0.000006
0.000000
0.000008
0.000000
0.000000
0.000000
0.000000
0.000000
0.000006
0.000000
0.000000
0.000009
0.000000
0.000007
0.000000
0.000010
0.000000
0.000011
0.000000
0.000050
0.000000
0.000000
0.000009
0.000007
0.000008
0.000018
0.000011
0.000014
0.000008
0.000086
0.000000
0.000000
0.000000
0.000009
0.000008
0.000000
0.000000
0.000000
0.000006
0.000009
0.000000
0.000009
0.000000
0.000000
0.000000
0.000000
0.000006
0.000000
0.000000
0.000011
0.000000
0.000012
0.000000
0.000009
0.000000
0.000000
0.000008
0.000006
0.000000
0.000006
0.000000
0.000016
0.000010
0.000007
0.000006
0.000000
0.000000
0.000007
0.000010
0.000007
0.000000
0.000000
0.000000
0.000000
0.000006
0.000010
0.000007
0.000000
0.000009
0.000009
0.000010
0.000000
0.000010
0.000008
0.000000
0.000000
0.000000
0.000000
0.000010
0.000000
0.000000
0.000000
0.000000
0.000025
0.000000
0.000000
0.000000
0.000000
0.000027
0.000000
0.000000
0.000000
0.000000
0.000009
0.000000
0.000010
0.000000
0.000000
0.000000
0.000008
0.000000
0.000000
0.000089
0.000000
0.000000
0.000000
0.000000
0.000000
0.000006
0.000000
0.000000
0.000000
0.000008
0.000000
0.000008
0.000000
0.000007
0.000000
0.000010
0.000000
0.000007
0.000008
0.000000
0.000000
0.000000
0.000000
0.000010
0.000000
0.000010
0.000000
0.000000
0.000015
0.000000
0.000000
0.000000
0.000087
0.000011
0.000000
0.000000
0.000000
0.000007
0.000007
0.000016
0.000000
0.000015
0.000010
0.000000
0.000000
0.000007
0.000058
0.000000
0.000007
0.000020
0.000010
0.000000
0.000007
0.000000
0.000008
0.000000
0.000000
0.000011
0.000000
0.000000
0.000000
0.000009
0.000000
0.000008
0.000000
0.000000
0.000000
0.000007
0.000008
0.000011
0.000000
0.000009
0.000006
0.000010
0.000011
0.000000
0.000000
0.000034
0.000000
0.000000
0.000007
0.000000
0.000000
0.000000
0.000000
0.000010
0.000010
0.000000
0.000000
0.000000
0.000006
0.000007
0.000000
0.000000
0.000000
0.000000
0.000000
0.000000
0.000008
0.000007
0.000009
0.000000
0.000006
0.000007
0.000000
0.000000
0.000000
0.000000
0.000000
0.000011
0.000010
0.000000
0.000000
0.000000
0.000009
0.000000
0.000000
0.000000
0.000000
0.000000
0.000009
0.000000
0.000000
0.000000
0.000000
0.000000
0.000052
0.000000
0.000000
0.000012
0.000008
0.000000
0.000010
0.000000
0.000000
0.000000
0.000007
0.000010
0.000007
0.000026
0.000000
0.000000
0.000000
0.000000
0.000010
0.000010
0.000006
0.000010
0.000000
0.000000
0.000000
0.000000
0.000007
0.000000
0.000000
0.000033
0.000012
0.000000
0.000009
0.000000
0.000007
0.000011
0.000011
0.000010
0.000000
0.000011
0.000351
0.000013
0.000007
0.000000
0.000000
0.000000
0.000007
0.000000
0.000000
0.000008
0.000006
0.000012
0.000009
0.000000
0.000000
0.000000
0.000000
0.000000
0.000000
0.000000
0.000009
0.000009
0.000006
0.000008
0.000055
0.000000
0.000008
0.000010
0.000000
0.000000
0.000000
0.000007
0.000000
0.000000
0.000032
0.000011
0.000000
0.000000
0.000000
0.000000
0.000010
0.000000
0.000009
0.000023
0.000224
0.000000
0.000000
0.000000
0.000010
0.000010
0.000000
0.000000
0.000000
0.000006
0.000027
0.000000
0.000000
0.000000
0.000000
0.000032
0.000000
0.000009
0.000006
0.000012
0.000000
0.000007
0.000000
0.000008
0.000000
0.000006
0.000007
0.000000
0.000000
0.000012
0.000000
0.000009
0.000012
0.000000
0.000000
0.000006
0.000000
0.000008
0.000006
0.000008
0.000009
0.000007
0.000010
0.000000
0.000000
0.000000
0.000000
0.000000
0.000000
0.000011
0.000009
0.000010
0.000008
0.000000
0.000000
0.000008
0.000000
0.000000
0.000008
0.000000
0.000000
0.000000
0.000009
0.000006
0.000008
0.000007
0.000000
0.000000
0.000006
0.000009
0.000000
0.000000
0.000007
0.000068
0.000007
0.000006
0.000000
0.000007
0.000011
0.000011
0.000000
0.000008
0.000000
0.000006
0.000067
0.000009
0.000000
0.001573
0.000000
0.000000
0.000000
0.000006
0.000080
0.000000
0.000000
0.000000
0.000007
0.000000
0.000009
0.000000
0.000000
0.000009
0.000011
0.000006
0.000006
0.000000
0.000006
0.000000
0.000009
0.000000
0.000018
0.000000
0.000012
0.000000
0.000013
0.000006
0.000006
0.000000
0.000000
0.000000
0.000000
0.000000
0.000000
0.000000
0.000009
0.000000
0.000000
0.000010
0.000000
0.000000
0.000000
0.000006
0.000000
0.000007
0.000012
0.000000
0.000000
0.000009
0.000000
0.000012
0.000000
0.000000
0.000000
0.000007
0.000000
0.000009
0.000000
0.000000
0.000000
0.000000
0.000007
0.000000
0.000000
0.000000
0.000008
0.000000
0.000008
0.000000
0.000000
0.000022
0.000000
0.000007
0.000000
0.000010
0.000011
0.000010
0.000006
0.000058
0.000007
0.000000
0.000056
0.000000
0.000000
0.000000
0.000000
0.000000
0.000039
0.000010
0.000010
0.000007
0.000000
0.000007
0.000000
0.000000
0.000000
0.000008
0.000000
0.000015
0.000009
0.000008
0.000000
0.000009
0.000000
0.000008
0.000000
0.000006
0.000175
0.000000
0.000000
0.000000
0.000000
0.000009
0.000000
0.000007
0.000000
0.000006
0.000000
0.000000
0.000012
0.000000
0.000007
0.000000
0.000010
0.000006
0.000000
0.000011
0.000000
0.000007
0.000000
0.000000
0.000011
0.000007
0.000010
0.000000
0.000000
0.000000
0.000000
0.000000
0.000000
0.000006
0.000032
0.000009
0.000000
0.000000
0.000020
0.000000
0.001170
0.000000
0.000012
0.000000
0.000000
0.000087
0.000000
0.000000
0.000011
0.000000
0.000075
0.000011
0.000006
0.000006
0.000008
0.000000
0.000000
0.000009
0.000000
0.000000
0.000014
0.000000
0.000000
0.000000
0.000000
0.000000
0.000000
0.000011
0.000000
0.000012
0.000000
0.000000
0.000006
0.000007
0.000000
0.000006
0.000008
0.000000
0.000191
0.000000
0.000000
0.000000
0.000010
0.000000
0.000000
0.000000
0.000000
0.000000
0.000000
0.000000
0.000000
0.000011
0.000000
0.000000
0.000000
0.000009
0.000000
0.000000
0.000011
0.000009
0.000000
0.000000
0.000010
0.000000
0.000010
0.000000
0.000000
0.000000
0.000000
0.000038
0.000000
0.000000
0.000007
0.000000
0.000007
0.000000
0.000012
0.000000
0.000000
0.000009
0.000000
0.000030
0.000009
0.000000
0.000000
0.000011
0.000000
0.000000
0.000000
0.000012
0.000000
0.000000
0.000000
0.000010
0.000000
0.000009
0.000010
0.000007
0.000000
0.000008
0.000010
0.000007
0.000011
0.000000
0.000000
0.000011
0.000012
0.000007
0.000000
0.000011
0.000000
0.000000
0.000000
0.000000
0.000012
0.000008
0.000000
0.000000
0.000011
0.000009
0.000000
0.000000
0.000000
0.000008
0.000000
0.000000
0.000000
0.000007
0.000011
0.000008
0.000011
0.000000
0.000000
0.000000
0.000020
0.000008
0.000000
0.000007
0.000009
0.000008
0.000000
0.000009
0.000009
0.000009
0.000011
0.000000
0.000000
0.000000
0.000007
0.000000
0.000000
0.000008
0.000000
0.000000
0.000000
0.000000
0.000000
0.000022
0.000000
0.000000
0.000000
0.000022
0.000009
0.000006
0.000010
0.000000
0.000000
0.000008
0.000007
0.000009
0.000000
0.000014
0.000000
0.000000
0.000011
0.000000
0.000000
0.000000
0.000000
0.000000
0.000007
0.000012
0.000000
0.000000
0.000000
0.000000
0.000006
0.000046
0.000000
0.000000
0.000000
0.000006
0.000000
0.000009
0.000000
0.000000
0.000008
0.000000
0.000000
0.000000
0.000000
0.000000
0.000007
0.000008
0.000008
0.000000
0.000000
0.000009
0.000009
0.000000
0.000000
0.000006
0.000000
0.000000
0.000008
0.000007
0.000006
0.000009
0.000000
0.000000
0.000000
0.000000
0.000006
0.000008
0.000000
0.000000
0.000000
0.000007
0.000000
0.000009
0.000000
0.000000
0.000016
0.000000
0.000012
0.000024
0.000000
0.000000
0.000000
0.000009
0.000000
0.000007
0.000000
0.000000
0.000000
0.000008
0.000000
0.000007
0.000009
0.000012
0.000000
0.000000
0.000000
0.000000
0.000000
0.000000
0.000000
0.000000
0.000000
0.000006
0.000006
0.000000
0.000008
0.000000
0.000011
0.000000
0.000007
0.000011
0.000012
0.000000
0.000000
0.000009
0.000007
0.000000
0.000000
0.000000
0.000000
0.000010
0.000000
0.000052
0.000011
0.000007
0.000000
0.000008
0.000009
0.000012
0.000000
0.000000
0.000000
0.000006
0.000007
0.000000
0.000000
0.000010
0.000000
0.000007
0.000008
0.000000
0.000000
0.000000
0.000000
0.000000
0.000000
0.000000
0.000000
0.000008
0.000000
0.000000
0.000000
0.000010
0.000033
0.000009
0.000009
0.000010
0.000009
0.000000
0.000010
0.000000
0.000007
0.000000
0.000000
0.000000
0.000010
0.000000
0.000009
0.000011
0.000000
0.000011
0.000000
0.000006
0.000006
0.000008
0.000006
0.000007
0.000006
0.000006
0.000000
0.000000
0.000000
0.000000
0.000008
0.000000
0.000000
0.000000
0.000000
0.000007
0.000009
0.000006
0.000000
0.000007
0.000000
0.000010
0.000009
0.000034
0.000000
0.000009
0.000006
0.000000
0.000000
0.000023
0.000000
0.000012
0.000011
0.000006
0.000000
0.000007
0.000000
0.000009
0.000007
0.000000
0.000022
0.000000
0.000011
0.000000
0.000008
0.000000
0.000009
0.000000
0.000000
0.000000
0.000000
0.000009
0.000000
0.000007
0.000000
0.000008
0.000000
0.000000
0.000000
0.000006
0.000000
0.000000
0.000009
0.000000
0.000009
0.000000
0.000012
0.000000
0.000000
0.000008
NaN
