0.000000000000000000000000000000
0.172551989555358886718750000000
-0.772306025028228759765625000000
0.894246995449066162109375000000
-0.718872964382171630859375000000
0.412436991930007934570312500000
-0.409007996320724487304687500000
2.705367803573608398437500000000
3.267277956008911132812500000000
2.329295158386230468750000000000
4.390506744384765625000000000000
-2.497486829757690429687500000000
-5.473777770996093750000000000000
-0.564459025859832763671875000000
2.640805006027221679687500000000
-4.236108779907226562500000000000
6.514206886291503906250000000000
8.262243270874023437500000000000
10.736448287963867187500000000000
-4.926528930664062500000000000000
3.182401895523071289062500000000
-4.685066699981689453125000000000
3.758783817291259765625000000000
2.019294977188110351562500000000
-12.481479644775390625000000000000
11.055378913879394531250000000000
6.256034851074218750000000000000
-12.508750915527343750000000000000
-19.964920043945312500000000000000
8.103776931762695312500000000000
1.754474997520446777343750000000
-7.197509765625000000000000000000
2.235996961593627929687500000000
-21.086799621582031250000000000000
-8.771273612976074218750000000000
4.270731925964355468750000000000
-3.172791957855224609375000000000
-4.007760047912597656250000000000
14.214005470275878906250000000000
-21.234502792358398437500000000000
-6.656569957733154296875000000000
6.326626777648925781250000000000
-1.098281025886535644531250000000
-32.561985015869140625000000000000
9.719216346740722656250000000000
-8.897861480712890625000000000000
-29.000341415405273437500000000000
-15.728569984436035156250000000000
-25.305351257324218750000000000000
15.446006774902343750000000000000
12.713714599609375000000000000000
-22.311155319213867187500000000000
2.365736961364746093750000000000
-10.938739776611328125000000000000
-17.097627639770507812500000000000
-0.577957153320312500000000000000
7.716580867767333984375000000000
-2.893141746520996093750000000000
1.128580093383789062500000000000
6.542560577392578125000000000000
-9.674567222595214843750000000000
2.670300006866455078125000000000
13.126811027526855468750000000000
0.275906085968017578125000000000
35.666152954101562500000000000000
15.994401931762695312500000000000
-29.736721038818359375000000000000
-12.489323616027832031250000000000
19.747566223144531250000000000000
26.185710906982421875000000000000
-52.170051574707031250000000000000
6.703630924224853515625000000000
34.926925659179687500000000000000
-15.319195747375488281250000000000
25.036167144775390625000000000000
-9.456055641174316406250000000000
-21.496017456054687500000000000000
38.036727905273437500000000000000
3.623468875885009765625000000000
-30.762495040893554687500000000000
2.436876058578491210937500000000
42.597309112548828125000000000000
4.502308845520019531250000000000
-13.493598937988281250000000000000
0.419989824295043945312500000000
43.120868682861328125000000000000
-35.117820739746093750000000000000
21.793523788452148437500000000000
53.748271942138671875000000000000
5.798165798187255859375000000000
-5.257610321044921875000000000000
35.635211944580078125000000000000
-3.406462669372558593750000000000
11.658067703247070312500000000000
0.555895805358886718750000000000
39.243381500244140625000000000000
-30.789667129516601562500000000000
-18.504331588745117187500000000000
22.146142959594726562500000000000
-91.472732543945312500000000000000
-17.703731536865234375000000000000
-12.607313156127929687500000000000
-84.169372558593750000000000000000
14.964323043823242187500000000000
-20.939479827880859375000000000000
-36.384277343750000000000000000000
-5.079968929290771484375000000000
11.574057579040527343750000000000
10.076746940612792968750000000000
-8.344873428344726562500000000000
-32.513652801513671875000000000000
-29.983209609985351562500000000000
75.603332519531250000000000000000
-10.316086769104003906250000000000
-17.022081375122070312500000000000
-2.693807601928710937500000000000
-65.152580261230468750000000000000
-41.850261688232421875000000000000
41.909503936767578125000000000000
10.785176277160644531250000000000
14.827715873718261718750000000000
-24.298082351684570312500000000000
-29.615169525146484375000000000000
12.045729637145996093750000000000
7.560718536376953125000000000000
30.731430053710937500000000000000
-5.968498706817626953125000000000
-38.504474639892578125000000000000
12.756006240844726562500000000000
1.930469512939453125000000000000
-44.204639434814453125000000000000
-45.805343627929687500000000000000
3.363644123077392578125000000000
-37.073905944824218750000000000000
-14.430614471435546875000000000000
10.097954750061035156250000000000
22.209917068481445312500000000000
-11.768391609191894531250000000000
42.065029144287109375000000000000
29.449874877929687500000000000000
-9.787792205810546875000000000000
14.163361549377441406250000000000
55.112297058105468750000000000000
-20.356925964355468750000000000000
-44.412097930908203125000000000000
38.933704376220703125000000000000
51.610008239746093750000000000000
-78.294975280761718750000000000000
-98.845008850097656250000000000000
-14.701074600219726562500000000000
-3.310949325561523437500000000000
-71.731437683105468750000000000000
-37.182544708251953125000000000000
37.824893951416015625000000000000
-67.246582031250000000000000000000
16.298437118530273437500000000000
-56.443778991699218750000000000000
18.768869400024414062500000000000
-7.659349441528320312500000000000
13.354296684265136718750000000000
15.735090255737304687500000000000
-19.496967315673828125000000000000
71.584617614746093750000000000000
-3.499433517456054687500000000000
22.680210113525390625000000000000
20.061527252197265625000000000000
99.506484985351562500000000000000
-27.130050659179687500000000000000
40.503570556640625000000000000000
-16.406042098999023437500000000000
-158.776382446289062500000000000000
-55.033756256103515625000000000000
-28.094249725341796875000000000000
39.526908874511718750000000000000
-45.933258056640625000000000000000
-51.073188781738281250000000000000
53.312362670898437500000000000000
-0.604728698730468750000000000000
37.419601440429687500000000000000
-34.601970672607421875000000000000
-40.641365051269531250000000000000
0.350248992443084716796875000000
-22.961624145507812500000000000000
-3.847599744796752929687500000000
27.761760711669921875000000000000
-18.389030456542968750000000000000
-82.709671020507812500000000000000
-50.133682250976562500000000000000
4.949514865875244140625000000000
-11.298000335693359375000000000000
39.058979034423828125000000000000
-6.653347492218017578125000000000
17.672094345092773437500000000000
-19.238931655883789062500000000000
-150.000564575195312500000000000000
-103.623542785644531250000000000000
24.099601745605468750000000000000
14.987893104553222656250000000000
-73.420570373535156250000000000000
-4.766770839691162109375000000000
-31.388368606567382812500000000000
-72.689712524414062500000000000000
16.525947570800781250000000000000
-75.842056274414062500000000000000
-88.211250305175781250000000000000
-36.109169006347656250000000000000
26.193927764892578125000000000000
51.374702453613281250000000000000
-21.002727508544921875000000000000
-45.104076385498046875000000000000
1.230722427368164062500000000000
-35.029464721679687500000000000000
-79.558799743652343750000000000000
6.429458618164062500000000000000
52.065982818603515625000000000000
107.746467590332031250000000000000
-103.328353881835937500000000000000
24.404991149902343750000000000000
-140.346969604492187500000000000000
12.779949188232421875000000000000
-77.477310180664062500000000000000
-36.587680816650390625000000000000
-89.689483642578125000000000000000
7.082439422607421875000000000000
-2.478263854980468750000000000000
58.466156005859375000000000000000
56.725776672363281250000000000000
-7.057876586914062500000000000000
38.645366668701171875000000000000
-51.878658294677734375000000000000
-109.842063903808593750000000000000
-43.170589447021484375000000000000
-47.686492919921875000000000000000
-122.310859680175781250000000000000
85.872329711914062500000000000000
-8.488298416137695312500000000000
156.275512695312500000000000000000
-44.588260650634765625000000000000
39.081348419189453125000000000000
41.177112579345703125000000000000
67.444168090820312500000000000000
-24.510211944580078125000000000000
-106.882354736328125000000000000000
-106.388183593750000000000000000000
-24.860805511474609375000000000000
13.276687622070312500000000000000
12.532822608947753906250000000000
-17.088016510009765625000000000000
121.542884826660156250000000000000
-10.394303321838378906250000000000
7.491580963134765625000000000000
37.666202545166015625000000000000
68.899856567382812500000000000000
66.012969970703125000000000000000
-49.731468200683593750000000000000
-2.788661956787109375000000000000
-22.375434875488281250000000000000
-102.689888000488281250000000000000
27.632266998291015625000000000000
38.001640319824218750000000000000
-81.636367797851562500000000000000
-119.193527221679687500000000000000
205.106994628906250000000000000000
-2.457626342773437500000000000000
151.575317382812500000000000000000
-89.631301879882812500000000000000
31.241008758544921875000000000000
100.985656738281250000000000000000
59.413738250732421875000000000000
-221.546005249023437500000000000000
24.705001831054687500000000000000
166.426300048828125000000000000000
-22.830614089965820312500000000000
117.137123107910156250000000000000
36.054100036621093750000000000000
-93.187438964843750000000000000000
197.592712402343750000000000000000
57.918109893798828125000000000000
89.150199890136718750000000000000
48.593330383300781250000000000000
123.507896423339843750000000000000
-29.156002044677734375000000000000
-81.809913635253906250000000000000
-73.000495910644531250000000000000
82.772079467773437500000000000000
32.476081848144531250000000000000
192.088272094726562500000000000000
-34.852195739746093750000000000000
-152.450454711914062500000000000000
-177.647857666015625000000000000000
-2.907376050949096679687500000000
-31.326185226440429687500000000000
-21.261386871337890625000000000000
-151.310089111328125000000000000000
-132.957534790039062500000000000000
39.902107238769531250000000000000
-142.481475830078125000000000000000
-56.451496124267578125000000000000
-87.693222045898437500000000000000
-48.398571014404296875000000000000
-89.247566223144531250000000000000
-65.807167053222656250000000000000
75.900009155273437500000000000000
-204.272201538085937500000000000000
3.213167190551757812500000000000
153.392868041992187500000000000000
-9.237228393554687500000000000000
32.003894805908203125000000000000
-90.621696472167968750000000000000
63.283374786376953125000000000000
-36.882556915283203125000000000000
-43.929744720458984375000000000000
99.236312866210937500000000000000
25.037765502929687500000000000000
103.621261596679687500000000000000
-37.876750946044921875000000000000
-27.327953338623046875000000000000
-22.062156677246093750000000000000
-179.391265869140625000000000000000
-163.756179809570312500000000000000
153.095458984375000000000000000000
-5.083889007568359375000000000000
160.060028076171875000000000000000
-78.047752380371093750000000000000
60.888076782226562500000000000000
-156.919357299804687500000000000000
12.741728782653808593750000000000
-94.618927001953125000000000000000
-50.810073852539062500000000000000
-17.879863739013671875000000000000
-13.176845550537109375000000000000
-45.327453613281250000000000000000
32.848598480224609375000000000000
0.899127960205078125000000000000
-128.600067138671875000000000000000
176.660919189453125000000000000000
-43.837608337402343750000000000000
64.420089721679687500000000000000
-56.514965057373046875000000000000
34.922538757324218750000000000000
67.533805847167968750000000000000
18.506263732910156250000000000000
-65.187339782714843750000000000000
138.999908447265625000000000000000
0.089091062545776367187500000000
29.535530090332031250000000000000
-111.330360412597656250000000000000
-46.164157867431640625000000000000
-18.803848266601562500000000000000
-165.273361206054687500000000000000
-233.369110107421875000000000000000
-136.667327880859375000000000000000
98.515930175781250000000000000000
-12.656625747680664062500000000000
30.113067626953125000000000000000
66.301002502441406250000000000000
81.856101989746093750000000000000
-59.406726837158203125000000000000
104.276367187500000000000000000000
-55.377498626708984375000000000000
-186.384109497070312500000000000000
-115.006324768066406250000000000000
4.503983974456787109375000000000
-32.179588317871093750000000000000
10.960303306579589843750000000000
-84.382247924804687500000000000000
-62.762054443359375000000000000000
45.708530426025390625000000000000
-3.481937408447265625000000000000
57.184070587158203125000000000000
-45.035049438476562500000000000000
-73.189872741699218750000000000000
10.422102928161621093750000000000
119.692283630371093750000000000000
49.573467254638671875000000000000
-54.667606353759765625000000000000
-51.890548706054687500000000000000
-19.788026809692382812500000000000
-7.455459594726562500000000000000
-137.110916137695312500000000000000
137.531143188476562500000000000000
39.570739746093750000000000000000
117.754707336425781250000000000000
15.401643753051757812500000000000
-156.649475097656250000000000000000
-19.038169860839843750000000000000
81.581436157226562500000000000000
-8.211345672607421875000000000000
-4.681488037109375000000000000000
49.642223358154296875000000000000
20.907970428466796875000000000000
-93.525535583496093750000000000000
-73.311691284179687500000000000000
-78.636245727539062500000000000000
118.426200866699218750000000000000
41.784347534179687500000000000000
68.582771301269531250000000000000
-123.267639160156250000000000000000
-10.782421112060546875000000000000
-119.773483276367187500000000000000
75.393898010253906250000000000000
64.074859619140625000000000000000
-16.777597427368164062500000000000
5.957817077636718750000000000000
-15.760995864868164062500000000000
-87.893814086914062500000000000000
235.385757446289062500000000000000
-4.114647865295410156250000000000
-54.223331451416015625000000000000
103.393440246582031250000000000000
-137.557952880859375000000000000000
96.117897033691406250000000000000
12.355258941650390625000000000000
63.257209777832031250000000000000
-29.079582214355468750000000000000
172.508895874023437500000000000000
-158.427932739257812500000000000000
-16.222640991210937500000000000000
52.447971343994140625000000000000
40.745941162109375000000000000000
32.504177093505859375000000000000
218.272323608398437500000000000000
-234.873596191406250000000000000000
15.335856437683105468750000000000
-157.220916748046875000000000000000
184.560012817382812500000000000000
-14.901494026184082031250000000000
-48.810623168945312500000000000000
-163.703536987304687500000000000000
57.360481262207031250000000000000
-152.560913085937500000000000000000
-140.961166381835937500000000000000
166.915893554687500000000000000000
225.180282592773437500000000000000
65.991020202636718750000000000000
25.304466247558593750000000000000
-14.200537681579589843750000000000
-288.135528564453125000000000000000
-161.520462036132812500000000000000
152.173675537109375000000000000000
-185.920364379882812500000000000000
420.049804687500000000000000000000
-85.812042236328125000000000000000
194.970779418945312500000000000000
-230.824096679687500000000000000000
-40.287536621093750000000000000000
192.982391357421875000000000000000
-108.707679748535156250000000000000
278.955200195312500000000000000000
-48.876468658447265625000000000000
-21.379646301269531250000000000000
-14.708182334899902343750000000000
93.904541015625000000000000000000
-220.824218750000000000000000000000
134.432357788085937500000000000000
151.212463378906250000000000000000
-30.587703704833984375000000000000
20.088537216186523437500000000000
198.881225585937500000000000000000
187.741928100585937500000000000000
13.714190483093261718750000000000
16.777023315429687500000000000000
-110.996078491210937500000000000000
-123.497200012207031250000000000000
-173.135925292968750000000000000000
-221.088973999023437500000000000000
72.631126403808593750000000000000
144.833709716796875000000000000000
31.080785751342773437500000000000
-11.777503967285156250000000000000
89.639556884765625000000000000000
-63.361495971679687500000000000000
-2.130277633666992187500000000000
-21.322059631347656250000000000000
188.264968872070312500000000000000
-0.576019287109375000000000000000
187.245971679687500000000000000000
-231.166427612304687500000000000000
-139.537445068359375000000000000000
122.784126281738281250000000000000
-4.192543029785156250000000000000
-208.130889892578125000000000000000
-84.427093505859375000000000000000
83.634391784667968750000000000000
-231.244537353515625000000000000000
-35.426631927490234375000000000000
-86.482482910156250000000000000000
-280.823730468750000000000000000000
77.363876342773437500000000000000
342.442230224609375000000000000000
136.878692626953125000000000000000
240.314208984375000000000000000000
-61.653007507324218750000000000000
54.331157684326171875000000000000
31.932331085205078125000000000000
-135.573608398437500000000000000000
-169.658309936523437500000000000000
-230.167083740234375000000000000000
31.865753173828125000000000000000
70.655586242675781250000000000000
-65.297584533691406250000000000000
122.855590820312500000000000000000
59.698989868164062500000000000000
126.458412170410156250000000000000
240.359252929687500000000000000000
35.693302154541015625000000000000
-13.139660835266113281250000000000
69.930610656738281250000000000000
117.707527160644531250000000000000
-33.715003967285156250000000000000
-100.490280151367187500000000000000
-32.042282104492187500000000000000
85.043136596679687500000000000000
-180.072723388671875000000000000000
71.998359680175781250000000000000
-311.155853271484375000000000000000
53.204101562500000000000000000000
74.921638488769531250000000000000
-35.929058074951171875000000000000
-236.138702392578125000000000000000
-408.973175048828125000000000000000
53.274101257324218750000000000000
-32.927925109863281250000000000000
-387.464050292968750000000000000000
100.575599670410156250000000000000
-80.633987426757812500000000000000
131.774017333984375000000000000000
65.047592163085937500000000000000
131.742553710937500000000000000000
14.074539184570312500000000000000
238.274139404296875000000000000000
-56.594924926757812500000000000000
-278.957275390625000000000000000000
324.443725585937500000000000000000
-110.219444274902343750000000000000
-107.323120117187500000000000000000
220.497268676757812500000000000000
27.591073989868164062500000000000
213.918045043945312500000000000000
175.898239135742187500000000000000
-100.948661804199218750000000000000
23.959056854248046875000000000000
-23.649581909179687500000000000000
165.334899902343750000000000000000
-181.704788208007812500000000000000
110.682060241699218750000000000000
189.784591674804687500000000000000
13.011562347412109375000000000000
-68.367950439453125000000000000000
-113.792083740234375000000000000000
-45.617507934570312500000000000000
-78.758682250976562500000000000000
136.900009155273437500000000000000
-74.139373779296875000000000000000
15.720825195312500000000000000000
-2.889503479003906250000000000000
107.977630615234375000000000000000
164.308761596679687500000000000000
-0.530614852905273437500000000000
-360.572570800781250000000000000000
-128.895050048828125000000000000000
163.415115356445312500000000000000
-266.473022460937500000000000000000
-105.360893249511718750000000000000
19.667984008789062500000000000000
301.723266601562500000000000000000
-158.693832397460937500000000000000
105.905288696289062500000000000000
-41.680000305175781250000000000000
-110.213600158691406250000000000000
-101.474380493164062500000000000000
46.582069396972656250000000000000
208.726043701171875000000000000000
25.305322647094726562500000000000
75.642929077148437500000000000000
26.231338500976562500000000000000
-44.067195892333984375000000000000
-361.531036376953125000000000000000
-66.670585632324218750000000000000
-87.332229614257812500000000000000
-341.202056884765625000000000000000
195.516479492187500000000000000000
-222.146270751953125000000000000000
238.893585205078125000000000000000
0.220985412597656250000000000000
51.354187011718750000000000000000
-112.309135437011718750000000000000
332.373382568359375000000000000000
163.929443359375000000000000000000
-10.455898284912109375000000000000
58.646686553955078125000000000000
-214.803054809570312500000000000000
154.341842651367187500000000000000
494.973175048828125000000000000000
79.710456848144531250000000000000
-275.958923339843750000000000000000
-264.775817871093750000000000000000
106.336929321289062500000000000000
53.053695678710937500000000000000
38.288089752197265625000000000000
-37.059597015380859375000000000000
-245.735595703125000000000000000000
-262.487854003906250000000000000000
267.706420898437500000000000000000
-53.221084594726562500000000000000
-14.598987579345703125000000000000
181.235031127929687500000000000000
39.146450042724609375000000000000
70.908691406250000000000000000000
-425.127746582031250000000000000000
38.188343048095703125000000000000
189.694503784179687500000000000000
-134.287384033203125000000000000000
-53.791996002197265625000000000000
-178.182189941406250000000000000000
-11.480576515197753906250000000000
221.922866821289062500000000000000
-118.069458007812500000000000000000
23.772323608398437500000000000000
84.245300292968750000000000000000
-161.257598876953125000000000000000
190.718734741210937500000000000000
-38.398696899414062500000000000000
319.723754882812500000000000000000
-0.297950744628906250000000000000
-368.523284912109375000000000000000
258.720397949218750000000000000000
-92.349800109863281250000000000000
-76.053840637207031250000000000000
-4.953948974609375000000000000000
-94.867301940917968750000000000000
210.340484619140625000000000000000
-34.218494415283203125000000000000
160.518417358398437500000000000000
-1.270620346069335937500000000000
-275.070953369140625000000000000000
-118.683631896972656250000000000000
-251.308197021484375000000000000000
-365.139831542968750000000000000000
-309.005249023437500000000000000000
-155.663848876953125000000000000000
42.523628234863281250000000000000
402.724975585937500000000000000000
-212.617095947265625000000000000000
-3.405584096908569335937500000000
-273.861450195312500000000000000000
57.271396636962890625000000000000
151.154418945312500000000000000000
77.058555603027343750000000000000
-92.709426879882812500000000000000
351.839843750000000000000000000000
290.353942871093750000000000000000
211.145919799804687500000000000000
8.194269180297851562500000000000
90.827476501464843750000000000000
277.559204101562500000000000000000
-30.560958862304687500000000000000
-223.602264404296875000000000000000
189.511947631835937500000000000000
119.488708496093750000000000000000
186.676177978515625000000000000000
43.488006591796875000000000000000
-0.716053009033203125000000000000
-192.284942626953125000000000000000
-31.797605514526367187500000000000
-255.425354003906250000000000000000
-317.040496826171875000000000000000
64.033164978027343750000000000000
160.972396850585937500000000000000
-367.443145751953125000000000000000
66.162651062011718750000000000000
-163.361495971679687500000000000000
99.091171264648437500000000000000
168.071746826171875000000000000000
263.408966064453125000000000000000
279.448852539062500000000000000000
-80.854461669921875000000000000000
47.542079925537109375000000000000
149.486083984375000000000000000000
81.970115661621093750000000000000
-178.115829467773437500000000000000
486.944091796875000000000000000000
71.485450744628906250000000000000
-22.000759124755859375000000000000
-201.610549926757812500000000000000
163.520004272460937500000000000000
37.613765716552734375000000000000
349.114227294921875000000000000000
-159.069686889648437500000000000000
-282.741699218750000000000000000000
-205.041366577148437500000000000000
-209.912200927734375000000000000000
151.189636230468750000000000000000
-1.905803680419921875000000000000
-162.824172973632812500000000000000
166.041763305664062500000000000000
-213.772048950195312500000000000000
75.395576477050781250000000000000
-104.795913696289062500000000000000
-281.432006835937500000000000000000
64.645591735839843750000000000000
-357.498535156250000000000000000000
61.176143646240234375000000000000
-43.810249328613281250000000000000
-61.291648864746093750000000000000
-31.868286132812500000000000000000
-179.152755737304687500000000000000
115.309532165527343750000000000000
54.052688598632812500000000000000
-35.946762084960937500000000000000
306.506744384765625000000000000000
37.357990264892578125000000000000
124.121681213378906250000000000000
128.771240234375000000000000000000
46.212390899658203125000000000000
123.133201599121093750000000000000
115.745140075683593750000000000000
-145.376388549804687500000000000000
-44.463813781738281250000000000000
-1.378092050552368164062500000000
306.329132080078125000000000000000
-211.406555175781250000000000000000
-150.783172607421875000000000000000
-363.543701171875000000000000000000
-39.719726562500000000000000000000
104.737380981445312500000000000000
546.701721191406250000000000000000
-290.339538574218750000000000000000
-232.946075439453125000000000000000
-271.219299316406250000000000000000
263.750061035156250000000000000000
209.951019287109375000000000000000
69.384323120117187500000000000000
8.878500938415527343750000000000
149.225814819335937500000000000000
137.820358276367187500000000000000
292.660064697265625000000000000000
248.724151611328125000000000000000
-65.541778564453125000000000000000
-47.192039489746093750000000000000
157.201263427734375000000000000000
-20.768125534057617187500000000000
537.808593750000000000000000000000
-88.096488952636718750000000000000
-347.870635986328125000000000000000
-164.435379028320312500000000000000
-108.816169738769531250000000000000
3.058364868164062500000000000000
499.405609130859375000000000000000
-75.526344299316406250000000000000
-5.871425628662109375000000000000
-116.664733886718750000000000000000
-33.374336242675781250000000000000
50.264266967773437500000000000000
565.377624511718750000000000000000
-36.298919677734375000000000000000
-266.040405273437500000000000000000
-64.406959533691406250000000000000
3.509502887725830078125000000000
-372.535705566406250000000000000000
-83.539932250976562500000000000000
-441.353179931640625000000000000000
-178.211791992187500000000000000000
-193.168014526367187500000000000000
-336.473999023437500000000000000000
-176.530059814453125000000000000000
-85.881874084472656250000000000000
-42.178760528564453125000000000000
-68.039436340332031250000000000000
178.163467407226562500000000000000
-574.501831054687500000000000000000
-662.879882812500000000000000000000
-12.926929473876953125000000000000
697.053405761718750000000000000000
-495.409240722656250000000000000000
385.144653320312500000000000000000
180.086120605468750000000000000000
-318.972808837890625000000000000000
124.928085327148437500000000000000
-303.060607910156250000000000000000
-73.644760131835937500000000000000
8.509780883789062500000000000000
386.763732910156250000000000000000
-141.198120117187500000000000000000
425.867675781250000000000000000000
26.523139953613281250000000000000
84.765602111816406250000000000000
119.629295349121093750000000000000
76.629592895507812500000000000000
315.057891845703125000000000000000
43.747207641601562500000000000000
383.192413330078125000000000000000
231.735336303710937500000000000000
176.084365844726562500000000000000
147.795059204101562500000000000000
107.824020385742187500000000000000
-177.499862670898437500000000000000
487.873291015625000000000000000000
35.549644470214843750000000000000
113.745437622070312500000000000000
81.654479980468750000000000000000
-187.280746459960937500000000000000
-302.435607910156250000000000000000
-218.858459472656250000000000000000
53.522296905517578125000000000000
-517.319641113281250000000000000000
-24.808887481689453125000000000000
-584.601440429687500000000000000000
141.798690795898437500000000000000
612.808044433593750000000000000000
126.985107421875000000000000000000
-6.188556671142578125000000000000
-236.108749389648437500000000000000
183.083328247070312500000000000000
-343.879760742187500000000000000000
241.419281005859375000000000000000
-208.731430053710937500000000000000
-171.753540039062500000000000000000
-178.078613281250000000000000000000
-84.447654724121093750000000000000
91.552146911621093750000000000000
-563.658935546875000000000000000000
-247.371093750000000000000000000000
285.963592529296875000000000000000
154.623229980468750000000000000000
-219.015014648437500000000000000000
-229.313415527343750000000000000000
-99.691093444824218750000000000000
-398.661651611328125000000000000000
-332.966644287109375000000000000000
109.571990966796875000000000000000
177.239303588867187500000000000000
666.587707519531250000000000000000
722.481018066406250000000000000000
272.545745849609375000000000000000
239.400970458984375000000000000000
-103.395935058593750000000000000000
870.820068359375000000000000000000
187.483505249023437500000000000000
428.101287841796875000000000000000
-239.341644287109375000000000000000
20.261039733886718750000000000000
-791.102600097656250000000000000000
-265.719360351562500000000000000000
-63.936805725097656250000000000000
-80.855079650878906250000000000000
-236.314407348632812500000000000000
399.526062011718750000000000000000
24.655887603759765625000000000000
327.274017333984375000000000000000
180.266998291015625000000000000000
-231.172378540039062500000000000000
-167.956954956054687500000000000000
160.639801025390625000000000000000
-147.997772216796875000000000000000
222.871017456054687500000000000000
94.552795410156250000000000000000
-274.744476318359375000000000000000
-131.500762939453125000000000000000
-15.986671447753906250000000000000
270.181915283203125000000000000000
262.404235839843750000000000000000
-422.137145996093750000000000000000
-80.731658935546875000000000000000
476.818847656250000000000000000000
233.651123046875000000000000000000
99.940147399902343750000000000000
-730.605651855468750000000000000000
237.438385009765625000000000000000
185.177947998046875000000000000000
-361.723327636718750000000000000000
434.566253662109375000000000000000
89.434371948242187500000000000000
-131.268600463867187500000000000000
-100.506187438964843750000000000000
-696.120422363281250000000000000000
-166.190460205078125000000000000000
-362.691741943359375000000000000000
202.679962158203125000000000000000
-330.556488037109375000000000000000
-154.084747314453125000000000000000
-216.281661987304687500000000000000
147.403930664062500000000000000000
-30.434350967407226562500000000000
237.539215087890625000000000000000
377.346435546875000000000000000000
179.861953735351562500000000000000
317.993865966796875000000000000000
289.227569580078125000000000000000
362.746124267578125000000000000000
410.092620849609375000000000000000
539.490905761718750000000000000000
62.384857177734375000000000000000
375.997406005859375000000000000000
159.969558715820312500000000000000
-20.729642868041992187500000000000
105.635574340820312500000000000000
40.633293151855468750000000000000
31.517360687255859375000000000000
-112.539833068847656250000000000000
65.451744079589843750000000000000
-153.241256713867187500000000000000
144.810562133789062500000000000000
29.267578125000000000000000000000
68.428413391113281250000000000000
-102.394989013671875000000000000000
-174.493942260742187500000000000000
182.295486450195312500000000000000
172.644470214843750000000000000000
-32.187431335449218750000000000000
183.636505126953125000000000000000
-256.570220947265625000000000000000
-314.514892578125000000000000000000
499.762023925781250000000000000000
-13.232175827026367187500000000000
478.136413574218750000000000000000
261.470092773437500000000000000000
148.666519165039062500000000000000
520.149291992187500000000000000000
203.596633911132812500000000000000
193.423660278320312500000000000000
254.572280883789062500000000000000
281.960601806640625000000000000000
-134.587005615234375000000000000000
-226.364471435546875000000000000000
-219.535873413085937500000000000000
-229.998504638671875000000000000000
359.109527587890625000000000000000
311.842407226562500000000000000000
378.770629882812500000000000000000
-127.663497924804687500000000000000
-732.053466796875000000000000000000
73.022186279296875000000000000000
-604.857116699218750000000000000000
34.482818603515625000000000000000
-165.429031372070312500000000000000
338.515838623046875000000000000000
306.945709228515625000000000000000
-42.468814849853515625000000000000
-157.768417358398437500000000000000
-313.851318359375000000000000000000
-81.014839172363281250000000000000
-454.537139892578125000000000000000
237.671142578125000000000000000000
106.625694274902343750000000000000
305.907501220703125000000000000000
313.437896728515625000000000000000
308.468994140625000000000000000000
82.997039794921875000000000000000
-135.734191894531250000000000000000
39.327556610107421875000000000000
142.195404052734375000000000000000
68.654846191406250000000000000000
-474.903381347656250000000000000000
7.863900661468505859375000000000
-101.435997009277343750000000000000
-496.573913574218750000000000000000
110.141044616699218750000000000000
-487.735107421875000000000000000000
-125.127990722656250000000000000000
-15.076404571533203125000000000000
-99.569274902343750000000000000000
-881.481750488281250000000000000000
-809.990905761718750000000000000000
-380.902557373046875000000000000000
-238.628509521484375000000000000000
166.438156127929687500000000000000
-131.543106079101562500000000000000
98.015625000000000000000000000000
-13.293220520019531250000000000000
-162.543823242187500000000000000000
-15.771171569824218750000000000000
131.330932617187500000000000000000
115.877143859863281250000000000000
454.093780517578125000000000000000
294.773254394531250000000000000000
354.884552001953125000000000000000
-28.413787841796875000000000000000
-184.194778442382812500000000000000
177.388275146484375000000000000000
501.275268554687500000000000000000
667.761413574218750000000000000000
-222.907440185546875000000000000000
4.086802959442138671875000000000
-508.754211425781250000000000000000
-528.212951660156250000000000000000
277.461669921875000000000000000000
-485.956542968750000000000000000000
287.160095214843750000000000000000
919.056945800781250000000000000000
89.477035522460937500000000000000
167.560333251953125000000000000000
113.818252563476562500000000000000
95.172935485839843750000000000000
70.164947509765625000000000000000
253.059799194335937500000000000000
-143.343353271484375000000000000000
564.184692382812500000000000000000
91.202239990234375000000000000000
457.871307373046875000000000000000
-165.140930175781250000000000000000
29.447250366210937500000000000000
535.081726074218750000000000000000
-194.171890258789062500000000000000
-517.256469726562500000000000000000
162.519668579101562500000000000000
103.779396057128906250000000000000
-449.647216796875000000000000000000
5.786563873291015625000000000000
-199.736297607421875000000000000000
258.790832519531250000000000000000
228.985534667968750000000000000000
647.472290039062500000000000000000
123.382347106933593750000000000000
-73.455810546875000000000000000000
300.126556396484375000000000000000
175.963668823242187500000000000000
-872.330932617187500000000000000000
170.039718627929687500000000000000
-103.027732849121093750000000000000
527.221496582031250000000000000000
-219.597900390625000000000000000000
-125.919097900390625000000000000000
-180.955032348632812500000000000000
