0.000000
0.515148
0.275867
0.410342
0.546004
-0.519761
-0.409098
3.121927
-0.267617
-1.205143
1.695544
-2.827183
-0.580550
-0.706431
2.168976
3.650110
3.515006
-0.307269
-2.801405
2.619284
1.531560
-4.620744
3.487095
0.648873
2.371287
2.529547
3.643691
9.456183
7.937435
-6.307416
1.387623
0.063372
11.101269
-0.691701
-1.203649
6.015715
10.819926
10.677881
24.453850
-15.745274
-19.417525
0.001025
6.289843
25.903730
-3.404717
-18.779878
1.651297
-19.010483
-0.783436
1.343678
1.816291
-13.728210
-37.514781
14.233204
19.981513
2.139904
13.988782
-6.815688
0.287026
-18.783129
-0.772425
-11.867346
-27.736847
0.338902
12.342452
20.074881
14.105813
-0.304898
4.178715
-19.677825
-11.605526
-10.675021
0.061055
-22.474744
12.647521
-18.874897
-12.201192
1.235733
-33.081188
-25.741068
-15.781625
-8.978136
-8.876419
-30.005372
5.014374
-21.787741
43.158147
22.958361
-0.063269
3.771454
-11.921859
-48.432723
5.992676
1.626029
21.226035
-0.941905
-17.939457
4.407410
-4.900642
0.610916
-4.401072
2.982232
4.472626
-6.076434
0.684752
19.187714
0.034607
-4.137060
-6.987580
1.622651
2.251275
57.260681
18.473672
-7.757379
-5.236131
0.121754
-3.058466
17.962490
0.468492
-8.295571
-59.654763
28.630472
-23.965347
74.955943
-65.083854
-18.112156
6.165712
38.488692
-40.163931
-24.347967
14.745956
-5.022587
8.104202
-5.382834
-0.253351
35.683708
32.330012
7.001611
40.439934
-11.827375
20.121486
-14.842810
-3.730533
-18.302831
-10.787269
2.546859
-10.763026
23.605149
-1.782986
53.222854
3.220227
-13.290214
-16.240035
78.573806
1.972705
-12.370525
6.041669
-26.316445
-111.933598
-50.165922
66.384351
-3.981517
-23.971328
3.179996
12.850923
15.377195
11.629220
53.952705
-35.968160
13.128743
15.416673
10.943436
109.795450
34.967135
-6.927821
5.891026
-100.217434
6.282988
121.550659
12.386983
31.898271
-2.586370
-15.542562
-3.342055
18.954252
12.126522
10.127587
-49.321823
4.803172
58.902729
-71.742899
45.631968
1.469044
25.142206
-41.037674
0.344798
4.506864
14.943168
-83.578646
87.494595
8.496107
29.023807
3.175319
84.969002
-17.769265
59.282280
-11.333642
-1.361517
-33.316889
53.474828
2.808500
1.024803
32.221174
59.973879
-70.706997
22.939464
-17.997572
-2.849444
53.542342
-45.618911
121.893998
-0.438987
65.290522
2.466284
-71.397067
-6.097954
12.748558
8.550964
13.514322
-15.768770
41.479439
-66.528937
-28.180742
33.854252
-70.651530
-43.632385
-67.453686
-12.879190
-7.978949
-14.709786
46.804692
27.322891
-45.080752
47.679314
32.310717
15.824582
26.108660
-0.011270
12.330689
111.952445
10.456323
-0.146673
-96.707968
-175.650767
42.479900
-18.784482
-9.472971
-19.609788
119.620283
104.995919
-125.876138
-48.262983
27.385371
21.496032
3.289128
42.950581
-2.217771
-10.768394
5.652659
-138.184387
41.030604
7.430903
51.238093
-14.604577
36.937156
-35.568411
63.533679
-10.735117
-1.760356
65.706247
-66.569478
11.811797
-52.138860
-0.501175
-78.525813
-93.422522
40.254533
65.129093
-0.025253
-146.813568
56.108660
-22.903783
-12.712322
-1.025713
-1.585184
6.916979
50.020426
108.870333
-181.642473
6.845611
-30.506493
-9.190959
-0.263486
-1.204771
104.448257
93.683600
57.962155
53.617669
42.547591
-33.487413
-9.436608
-41.734045
111.628673
-144.435361
8.816435
94.196260
97.875533
50.001004
-132.215437
1.111031
114.461011
10.384164
-49.116252
-19.665873
143.200457
-156.870660
35.781042
60.939464
188.303578
-16.090714
-67.662272
-1.779922
-14.452490
-13.464218
98.943365
3.002361
14.472829
159.270364
5.187221
-26.183447
16.295708
36.821027
24.819862
-49.977019
24.618990
-31.173016
-0.109262
4.649854
87.832953
1.692759
-1.832956
19.881829
-50.886967
-7.899938
-108.974075
153.047559
36.969995
0.445305
63.855684
-0.658916
63.513184
26.306364
-41.877342
-5.609526
-16.476402
-172.344878
69.247764
8.621170
-34.996948
-107.955906
23.693188
15.134434
-101.393561
-6.712853
39.686543
18.665560
209.436748
141.223326
-61.432040
135.632736
8.355047
-5.300932
55.970865
0.982209
-22.043232
-259.555456
127.254126
19.816316
62.116447
-62.823602
29.145843
43.589078
-50.467853
66.681313
3.740914
-100.012209
-109.528123
-4.728203
-0.862808
-147.812431
-4.050485
4.066414
221.403640
-96.541723
-31.936331
-23.895912
-146.977999
-124.063738
15.339137
-125.812449
65.579413
-0.866528
-4.849426
193.506725
50.618894
23.581709
72.903667
-65.587733
42.834202
5.026071
-185.064406
-2.264129
3.641948
47.667096
100.808963
-49.574814
62.246743
193.575738
-0.419614
0.750588
-129.608831
4.557302
-193.217972
-37.634659
-66.897185
70.697044
12.660587
-25.266795
-163.878994
48.235780
-23.718626
73.636086
41.173609
-88.063792
18.562648
-13.803583
46.035549
-81.483714
-69.028582
30.480367
9.713868
199.631557
-49.010410
-104.073138
-63.910274
-27.962490
-7.217280
42.322833
-79.492878
44.128273
-220.599990
32.378164
36.113005
-0.851942
176.802977
195.625314
28.706003
-249.196994
-1.221395
-5.907645
-5.737632
7.718321
110.621882
5.892120
-11.854690
-71.558822
68.905507
-113.469703
70.299166
-0.713085
174.017865
0.153426
44.723490
163.798906
16.908755
80.135578
114.605809
-102.067917
-78.030121
-82.612703
71.345674
-223.430675
-99.844236
17.341652
90.476885
19.999203
39.140922
-146.710964
53.997430
-77.653657
-155.784566
-108.850082
-19.567449
82.706188
19.897842
-42.488899
93.552553
7.406324
50.674905
3.281368
-81.536881
19.868108
-29.298326
6.742317
-161.634623
-80.755496
-74.517948
1.175284
290.177351
-77.808920
3.683503
2.061107
-283.342220
-23.802243
-33.835604
-5.235586
-25.372792
-90.757935
-243.703164
11.221650
55.444801
-39.299553
-120.693968
134.287523
-59.478748
-175.289060
-66.841978
-233.963828
-107.417289
-0.985818
9.937550
46.311840
228.334502
156.789657
-380.059226
-2.066050
199.581107
52.787604
148.705651
30.261849
-82.192272
212.723003
21.126567
-24.708348
0.352667
-0.184452
3.960748
106.941835
77.292640
-79.892259
-25.944421
9.565450
-97.381053
-181.917480
3.354158
-45.833370
-169.368848
-1.774518
-203.693808
164.622693
79.143699
78.013730
-27.206406
-43.841440
-248.162858
40.809248
-38.871478
33.164809
-1.894253
-113.903426
-165.302530
-361.617170
65.447776
7.433011
-85.880793
54.685851
-170.067207
34.973123
-5.177833
-209.410139
0.166782
-133.123335
289.822547
-95.912910
146.564880
272.818695
-131.560772
-26.171124
39.886272
-87.139939
-277.058490
-26.922759
-14.001525
25.430161
-16.831708
84.852947
6.199382
-99.813474
17.186872
5.754645
46.468857
-33.142009
-145.651545
-131.097419
-21.431916
-113.415184
35.992133
-142.552323
-51.699710
523.746087
-4.373747
236.865974
-51.448425
-118.075403
64.571605
145.338224
-151.120399
-39.043470
61.841003
51.911361
-138.839950
-34.015861
-54.853334
80.601059
56.945373
5.217627
-78.356975
-6.188481
-79.355043
-24.493488
51.164173
4.774552
-82.255539
-6.125045
-52.088730
5.857720
-190.606546
-243.088284
-42.041743
-239.586003
-263.957909
-1.142485
-8.970337
109.783283
1.693140
-73.172711
-61.470131
-5.954530
80.806900
60.280292
27.548221
28.200027
209.477983
-110.725803
369.218512
109.529272
-309.391391
-87.644117
3.454980
-47.673621
111.125563
201.441186
-182.407611
-78.325830
3.913645
34.239220
243.656452
20.437605
-61.290052
-336.106591
-12.931003
-444.199300
-102.106868
-24.580245
178.332205
104.022669
-37.677612
200.904022
122.172749
300.473581
-142.358017
230.532272
-28.542808
-9.670775
5.346762
-156.634452
73.508453
196.986611
41.764248
-48.642127
-145.260325
-285.254014
169.070012
-399.327785
-63.339224
-64.515005
112.728109
-85.486840
218.414693
153.423151
-218.108366
-4.323705
-31.981010
-125.245594
88.868918
293.624478
5.145983
15.736441
-247.487711
-77.815706
10.227491
-41.642040
222.031392
-51.975332
-382.048739
-9.683823
-267.646456
-258.277890
110.167505
-5.891502
-202.237018
65.616832
-160.008182
-1.014738
318.926013
-120.414410
-108.509947
147.220375
-9.885360
-90.078686
-1.545400
-117.857978
13.536495
0.613540
-97.536639
23.535171
246.870932
574.627257
-134.057394
-196.962530
-262.701217
-418.095054
90.653586
-133.409713
-277.084501
-196.035262
-146.728578
-169.007256
41.106906
44.464113
-348.856882
-379.712963
-138.486674
-109.860418
399.702948
47.004592
21.218804
17.630184
-90.977682
17.409902
183.734261
396.270151
0.073767
357.089497
121.465277
417.993870
-115.051333
-63.509549
36.007850
-269.441852
-1.407423
-566.895870
-275.077632
74.740160
22.358717
-35.770991
56.816201
-317.811244
12.503479
-30.436710
-53.403943
266.850536
-573.391707
-136.012479
20.967578
427.739854
-125.049488
131.703492
-340.559039
11.945337
-118.086256
-509.879791
-143.170918
-22.847333
-109.111184
201.172334
14.016147
486.743062
-344.939629
-199.161597
-285.402920
14.028570
210.750510
-259.571516
-320.233849
-193.427045
425.879551
391.572040
11.537027
-301.196751
-182.294165
111.423895
155.356083
36.330864
-70.801830
113.708698
-147.715766
444.517777
-0.817517
167.822841
-33.471747
-186.645676
230.997274
494.381125
7.343516
101.697025
-160.941494
-533.726747
-493.414734
-295.270832
-231.563116
-146.657182
-40.161032
72.686873
257.090200
222.415080
245.681005
358.516371
-192.290762
-9.723053
-56.735945
-208.661279
42.000284
-24.518823
-118.394478
-30.357644
222.115180
29.446008
-43.862807
-154.766195
16.918895
-101.021630
-333.159442
30.615379
-0.432309
27.425257
-257.984456
-73.990422
5.798412
-275.307754
-81.896510
-406.757277
317.472619
111.802596
-90.294363
225.071979
23.468187
-54.560832
-197.663089
39.866249
-2.865327
163.268246
-250.104388
-293.264986
-3.377211
-84.171453
-14.633921
63.007605
117.955187
-44.364696
-154.284228
-415.174336
-66.417953
283.817163
-18.422969
169.136071
241.490727
102.241948
17.336701
321.800311
78.328343
465.878443
642.160108
259.417000
-154.968136
505.343298
-21.335853
81.330188
218.388928
-660.556820
-5.563259
-77.602371
-246.329383
313.898382
124.745054
-188.315636
-170.314165
242.644351
159.537431
-436.236930
20.015672
268.533717
-283.524247
58.246320
354.536546
150.430840
-99.703913
218.410858
173.611218
-323.022148
-14.824481
-221.182580
51.900953
-117.248411
-100.932956
-452.959916
-69.578969
27.290256
-164.493561
185.974830
-39.704181
-119.277153
-158.930627
34.903693
-91.647976
3.328048
-174.176674
262.688957
-156.920964
-238.048938
-163.363487
202.836277
-2.829407
131.386641
148.386283
-152.538720
542.960218
-92.472959
-181.056010
357.859990
-234.052030
199.725315
-5.126498
196.256559
-379.400772
459.928570
-89.780196
-376.288307
-87.372640
86.366369
-152.687206
230.610780
-46.173267
-8.899111
312.734587
146.725406
-453.631839
-153.601627
-26.829959
8.681926
-260.966350
-102.171859
-118.932558
-196.932440
-199.861019
28.008369
94.167892
-229.013126
-195.352430
-282.314539
202.284230
10.516251
-78.614126
333.997921
357.600199
-199.400072
-0.889859
-123.969916
7.061023
-41.870387
97.154917
87.642260
101.797792
-493.103496
-343.253234
122.295560
-93.967338
-48.272914
71.120016
62.112313
151.497198
-42.688111
24.184941
125.815328
-110.536988
301.748443
-0.417741
107.731934
-153.965434
2.740995
-52.822812
26.007111
685.753103
-193.840972
