0.007503
-0.021138
-0.169255
0.079363
-0.253321
0.488429
12.047450
-0.003953
2.018166
-5.543900
4.967858
0.850676
-0.001260
-0.871440
-8.173089
-7.444121
-0.015783
-0.650088
-13.598172
-11.735533
-4.944672
21.978424
-5.101040
-22.840899
22.963942
18.565083
-26.138725
-19.754068
4.943696
0.662723
-0.534625
-122.741081
8.779225
-10.034369
76.835609
-51.740829
-94.423782
161.286896
46.277466
273.885345
0.013589
-4.281421
40.925663
74.137054
362.716736
20.729319
426.467163
12.253284
-21.669060
1.146871
100.434830
997.706299
86.252731
-319.758301
21.288521
-129.555267
1.548272
9.602483
-142.418716
3.179092
14.184218
-5.030881
-4.997833
166.210022
-311.307922
150.430038
1.060895
-51.057384
78.873466
48.554569
306.532928
-0.209441
441.329834
-4.452155
648.600098
16.515642
-6.477529
655.172363
79.125381
636.649292
427.835938
201.855972
394.138641
-35.108002
-7.975794
170.739655
-2.800529
1.870252
67.333038
273.027496
-226.582031
-418.178619
-12.369683
194.352570
17.328806
-56.727020
46.249237
167.751358
-1.273955
44.595119
-6.938392
58.726357
96.594948
11.074122
42.018173
-0.358017
26.846495
37.207535
30.673321
106.724831
3193.641357
-155.537979
-0.444909
60.688137
-0.432106
133.778061
2.736621
-7.372698
290.026550
-550.467590
-1015.673584
-610.753601
-20.359606
-1566.877808
291.417450
-90.321312
-736.192688
1899.458252
182.361252
187.170593
13.109870
-156.594803
-131.206390
-9.286311
816.162415
-1625.118652
413.093292
-4029.822266
313.597931
557.683472
-109.952515
1.433577
-22.386339
1.862584
203.314377
-639.344788
68.398674
-54.335396
-1353.175537
-24.551287
457.170624
1505.480591
889.764099
29.088667
283.923798
83.057159
-98.964561
259.629395
58.954334
1465.074463
122.717331
-102.862312
43.122421
44.364941
1907.806030
-38.282261
-4549.650391
1482.752563
28.827934
954.854858
-14.711655
3245.844482
107.305389
148.973877
173.255997
-912.091064
8.420699
1046.762329
-7.209942
-2875.329346
-77.914360
159.362305
-42.828178
362.359924
-61.339329
79.965393
463.992218
253.931854
1974.632202
2732.899414
-1034.670288
-79.464737
1966.046387
-1242.250610
-2.000398
-89.401939
-705.207825
-9956.897461
-1890.277954
-113.183327
328.494904
418.966339
690.457397
515.423218
3020.265869
195.464676
101.120499
-2099.779053
-5068.993652
-161.411804
7.655162
486.313812
1239.120483
-6495.407227
148.291321
591.964478
9.071095
-2559.012695
-70.314705
-9156.027344
12.889226
586.286865
-16.875969
3801.444092
188.280319
-227.797821
-1130.791138
122.173248
1032.733887
-4198.748535
9771.627930
-268.737488
448.677826
1116.415649
3770.629395
3289.212891
1203.664551
743.336731
3.836386
-1856.391235
-699.217285
1409.034912
-672.692078
-853.987793
-681.184265
-86.095703
0.276237
-722.656311
11024.497070
1358.685425
-2.104777
8979.629883
2259.321289
1701.092773
-537.815308
213.635406
-429.949341
101.688721
11047.709961
-550.510071
-688.222900
1710.224243
2818.778076
-50.706383
5363.494629
141.819626
-387.430145
-51.891712
1422.501343
1593.187256
73.111946
688.379822
-48.520199
-828.385681
1177.222168
-5734.400391
1253.424683
78.366104
2202.770264
8186.807617
141.617111
-2907.920410
22.187944
2189.148682
-11091.509766
1129.942871
-18.307461
1.985812
7177.903809
-1992.685547
95.291855
-164.087006
-65.637550
119.210930
76.096161
2787.493652
-4808.023926
-33824.210938
594.379456
-1907.374512
105.366646
-23.959972
56.870026
402.779541
-481.328735
-2531.138184
8025.068359
-3195.849121
-491.297974
70.639908
-165.487030
7773.099609
-5532.942383
543.015320
-1380.344116
5669.912109
-3350.513428
-1358.687622
148.290527
-6226.785156
-1474.667847
63.280499
-75.717682
-2263.118408
4873.744141
2537.400146
7236.649902
-3183.981201
-2395.004395
-6289.277832
72.014954
-865.190613
136.686310
14496.835938
297.543915
-22.245794
-14105.612305
-56.550766
-835.762268
-812.765381
445.886627
243.991852
-3893.743164
259.733459
2967.393311
14.115784
-208.723770
3994.668701
-34.616940
175.415649
731.470581
12737.858398
50.644028
-7031.273438
16315.137695
-18.174410
-31.240387
515.713928
-59.286850
-9509.045898
1121.880981
-555.836060
227.833755
-88.162216
-5316.927734
2284.959717
-345.609436
-96.220329
19226.203125
-1391.770142
1790.990234
3036.729248
-505.113037
-4947.979492
517.606750
-5566.791016
-15075.599609
9827.539062
27069.080078
1094.233765
-179.993713
-2994.691406
-124.632645
2785.400391
-29264.451172
-19665.769531
52.418137
6492.714844
-2255.809326
4247.984375
-4525.225098
2376.857910
517.251587
-688.926086
722.150513
91.538673
-142.996399
-23.882019
-14624.005859
-261.435181
850.090088
-12966.275391
18105.869141
-426.788116
-1460.617188
25557.365234
1474.618164
2042.113892
16959.439453
-3770.058105
95.309464
48.351734
-29915.089844
-666.826111
-1792.112183
-8418.291992
8487.867188
-2880.415039
-76.245148
-8700.354492
-227.883331
-172.913452
-1014.786926
2276.403564
-4672.758789
-10029.345703
114.688591
51.633057
58.629585
-6454.477539
-1.652423
2361.969238
523.574951
-3603.996338
-3563.417969
1134.753296
3370.857910
-13979.133789
272.116638
-42.621113
-4688.069336
-5584.082031
5840.261230
1329.397705
441.065613
94.405975
-4553.040527
-5917.022949
-528.770935
192.509567
17067.904297
3404.172852
-11784.258789
10844.848633
1241.370483
-336.800049
685.442810
10066.212891
-6153.636230
15816.225586
-3836.439453
-4220.630371
-12.985771
10239.758789
4647.795898
-1797.356445
-14325.217773
273.672455
502.363556
-1478.638306
861.378418
-1875.199341
-346.752899
49.036377
14725.825195
377.697968
6831.479980
-7235.491699
-181.062653
-29019.273438
0.379030
1124.084961
17822.662109
163.504959
43.540863
-17513.746094
-16612.595703
-4848.172852
-6771.272461
-23.680984
26017.712891
-4699.878906
262.055878
-8734.696289
152.264511
7297.364746
-1122.155029
3970.988037
-4077.725830
22156.533203
-952.458557
-1275.852051
13529.321289
76.018707
1035.223145
-3593.507812
1498.195801
-11334.617188
132.672852
995.366821
-3083.591797
-1505.574585
275.134857
-19199.560547
65.256172
274.890198
-296.209839
-36171.570312
17494.830078
-606.667480
393.029022
-78729.500000
-390.096741
175.681458
1096.097412
3817.383545
-27430.751953
70042.187500
-437.604187
502.187042
490.373230
-1392.531006
5768.630371
14.865108
-21918.886719
16478.300781
-1124.931763
-1629.093628
5.200368
4.905731
3218.796143
-35182.359375
23587.818359
20189.644531
-43.020283
6215.177246
-12364.602539
-25287.861328
3185.501221
-360.473511
19230.437500
3963.810303
440.998596
29.862221
-22.673866
-431.972778
-573.573914
23146.919922
-11036.209961
171.933502
1458.665283
-12986.975586
-57272.085938
122.888916
2585.566895
-6296.072266
-6.588196
-16621.488281
3041.729980
23386.201172
3621.220215
-6021.608398
4220.776367
26667.390625
-5614.156738
1776.823486
1156.472900
337.158051
13261.948242
-3828.141846
40961.140625
7827.642578
-102.841782
-2604.137207
631.997864
-546.414795
-127.775032
-177.913696
-77329.210938
-16.843676
-26292.470703
-23296.902344
-4656.576172
-24753.638672
-38853.187500
-1637.281860
6099.999512
11595.906250
-161.796814
29240.794922
-787.125244
1171.003296
4340.861328
-5172.972168
-5567.819824
-319.866211
-80.228073
-4625.884277
699.860840
11041.067383
2569.622559
-5574.962402
24356.162109
-1289.822266
-2377.122070
3151.022705
-16499.882812
2519.782471
100919.578125
601.054810
-29673.589844
-1391.623901
7685.605469
-5545.989258
2244.797363
-1397.542358
7069.332031
-5099.739746
-35.773884
-8256.938477
-3603.646729
-4171.153320
432.667664
3905.466309
961.042053
-5288.422852
789.688477
-308.047119
-5914.079590
7025.843262
1225.023926
9579.125977
345.843689
4579.980469
868.529480
4508.579102
-54891.699219
1251.641113
-48723.480469
-49350.632812
20.958813
317.209167
5216.771484
-91.397942
17322.072266
4346.533203
-1817.196777
-3043.512695
-4947.176270
304.808502
4231.592285
-58041.578125
-14216.885742
49896.445312
-10287.567383
-50917.816406
-6117.372559
-467.900391
1295.765747
15727.513672
-27243.541016
18214.218750
339.257477
351.395264
8526.245117
2114.168213
360.515228
16519.494141
101164.164062
1314.230347
46896.972656
16532.937500
241.544464
6088.766602
-12385.513672
3457.421631
-34424.019531
-23196.228516
-68319.796875
5205.756348
80976.828125
-956.096741
2572.957031
522.485535
3507.284668
-2728.301270
-60587.847656
9255.557617
-3401.857422
35958.835938
70245.750000
27544.687500
-20007.035156
486.779999
-16265.408203
-7395.901855
28240.513672
-78492.062500
37164.246094
-81419.437500
644.870422
-5021.798828
-12855.368164
23256.773438
-51282.953125
-45.736294
450.523804
-106799.609375
-12497.502930
-1888.021240
-5866.978516
-22606.640625
-3688.979736
47534.679688
-1515.760498
-36356.253906
1110.869141
3699.861572
862.700989
11574.922852
3873.045654
23153.623047
147.114044
-12284.797852
-2028.558472
-17267.363281
-28531.300781
-442.841278
25341.203125
-70.613945
-1720.366455
-1151.574829
123.463264
6894.365723
9209.050781
2689.654541
-46437.167969
18667.839844
59677.179688
5490.054199
66068.843750
-585.224548
14081.630859
-48977.820312
-23063.005859
-75.453995
25604.751953
5262.008789
18892.230469
4482.872070
32452.359375
-27103.306641
9656.643555
61207.609375
14627.007812
222.446457
-2998.092285
-14825.470703
9710.656250
33884.218750
6729.950195
-8.858185
109747.929688
-51920.691406
-20149.257812
11700.929688
-7872.085449
4829.540527
-7347.384277
-154.290466
36665.992188
-44121.425781
-1994.169067
1471.278442
-7100.928223
-5334.373535
-66748.796875
-2522.698242
2553.976807
9890.575195
67905.062500
-3843.600586
-25993.333984
-942.430054
-72731.398438
3741.201904
-10027.770508
-7272.573242
381.318481
4634.301758
-18681.443359
9618.244141
6461.667480
-5901.218750
-39620.742188
3329.871338
26206.583984
31444.226562
35923.109375
-15033.670898
3210.065186
9945.083984
46225.230469
48332.910156
107.043289
-23975.775391
-122096.210938
-10.679526
-31484.521484
3775.483398
-13744.208008
29601.896484
102.582954
216.500580
6552.867676
-37590.285156
121529.757812
-44.794991
1975.392334
3810.038818
-51370.085938
-13769.476562
-55392.437500
2200.654053
3050.158691
-11398.084961
-201144.500000
-25534.125000
62951.867188
15712.631836
-18021.105469
12015.511719
3418.056396
-26265.572266
30868.494141
28354.896484
23407.455078
68909.945312
-1398.571289
-20393.623047
-15470.274414
-569.172241
751.715759
-26135.171875
5535.943848
-21158.105469
1230.498413
-1564.907104
4799.257812
-196.534973
-5536.354004
2396.141357
10119.825195
-165.828735
5934.663086
7683.816406
9345.920898
360.098572
7733.306641
635.633789
-9542.307617
60778.066406
-9206.997070
-14786.746094
44216.863281
-763.582825
181.955627
-32474.578125
6247.894531
128.552460
5068.163086
60558.351562
23563.068359
640.709290
36239.042969
1882.252686
-961.406555
-1443.818115
-1339.064453
-22655.273438
-38470.707031
19.050261
-12309.692383
1456.167603
-373.127380
-31212.376953
651.642273
-2016.317993
-30322.007812
-7742.855957
103504.125000
-87759.367188
55517.875000
1490.578003
-107072.203125
5181.695312
-23324.011719
-12292.864258
-232689.781250
-630.591614
-14625.830078
81022.601562
79244.609375
-5135.187500
-41237.500000
9297.055664
-35908.187500
12910.546875
117875.109375
-228.026611
-40673.941406
73327.648438
361.213776
-101592.835938
8546.403320
-26359.601562
-14559.794922
-75008.562500
-24435.617188
6332.420898
6853.274414
-3078.191895
-42582.132812
160.623779
-96771.734375
-2818.491211
1266.746338
21021.111328
57712.000000
-10561.806641
6186.772949
22891.468750
20227.021484
-16581.941406
927.250854
-29827.296875
7421.178223
-279.199097
5009.572754
-16908.626953
-34973.960938
703.023132
-30944.074219
-81387.375000
-43210.574219
13001.237305
-5296.254883
33720.460938
156112.953125
24059.351562
22364.376953
3046.028564
-52392.828125
20557.349609
143896.812500
13802.504883
-104749.273438
16783.632812
1580.941650
-20616.171875
-52456.511719
3121.047852
893.961304
-134649.265625
76265.156250
44590.320312
-30339.425781
3672.029297
-739.073730
72180.984375
617.174194
-96155.976562
-91919.265625
-103385.062500
598.227051
-6025.177734
-21450.113281
-71557.906250
-21445.796875
38932.195312
-2636.382568
33513.652344
-36250.992188
-61395.304688
-50447.699219
38.440708
-53910.152344
-2083.118408
-5171.525391
-3743.732910
34676.753906
25645.751953
95700.367188
45618.589844
43731.824219
13457.825195
14198.809570
2352.415527
-3183.499756
-5132.370605
-9487.529297
-827.476990
23708.398438
-716.198059
98204.585938
-37.892792
-30301.923828
-57190.019531
-23.270367
3323.405029
18958.558594
48045.972656
-43873.433594
0.000000
