-0.000000
0.014565
-0.076623
-0.412472
0.145352
0.487379
-1.193917
3.858979
0.014770
-1.674628
-3.269688
-1.757176
-1.465294
0.001783
-0.401775
-2.239135
-2.117812
0.051366
0.232058
-5.191561
-7.662471
1.070103
6.302789
-7.861385
-9.632279
9.078282
5.095131
-2.764194
-2.488722
-0.783791
0.477596
-8.436297
-11.056492
-12.692227
8.336623
12.772482
-4.781995
-8.842933
6.595563
-2.939134
-14.105061
13.257725
-0.680688
1.579914
-21.774809
-19.314116
12.553356
-22.433264
-15.640440
-16.126677
0.631436
-7.315945
-26.595019
6.059966
-16.002708
9.948354
-9.261369
-0.227163
33.455101
7.582268
-4.115730
-1.195231
0.181379
-14.747133
13.466533
-15.507338
10.664401
-3.479508
-12.218441
-4.008241
-4.183746
-28.714974
-3.430366
-19.636701
-0.352018
-34.363110
-1.353609
-5.241852
-19.804983
-3.073897
-40.341180
-47.653090
-22.740699
-13.135604
-7.001473
0.366068
3.956140
-0.121983
-29.560316
17.853336
-22.901421
4.678284
-69.781623
-7.607296
9.156330
-18.397615
3.162137
10.493518
-34.230486
-2.085319
-10.132786
-2.326577
13.130174
-15.896650
16.172458
2.189848
-10.345228
-6.489269
-5.324810
18.903216
47.406395
55.773722
-8.419440
0.057353
-11.590263
-3.549006
-43.740250
0.152352
-15.737085
-34.961613
9.227555
-35.475264
25.484866
-0.271621
24.074755
-16.089608
-14.648968
-19.127506
-47.292635
-7.489794
12.693012
-2.610183
-19.322669
24.374966
36.653938
22.872132
-50.266563
58.999748
-99.649580
-26.514584
27.715820
7.407797
-0.384282
1.223108
-0.172665
79.829462
59.401953
2.897617
30.474383
-25.424710
-7.624086
-34.399045
-92.701814
11.323928
14.745574
-22.951638
13.747388
3.760560
-2.319495
-1.175187
22.069577
-30.821753
4.291056
13.560527
3.452277
124.067227
-3.291903
-84.326648
-41.224034
2.195788
61.936508
-1.344336
29.562653
3.068750
-21.503714
29.410159
9.101122
1.340238
8.611737
-0.582058
-90.140601
30.124986
-10.253285
12.814923
19.117608
-5.058279
7.895799
-9.407443
52.867533
33.523612
-38.092965
-22.674244
-54.092825
78.197050
30.270980
-5.801652
-19.836839
-47.192663
119.132077
-21.604512
-13.321787
11.318119
131.944662
8.125992
-29.006447
50.947197
-17.246415
-74.270467
63.024463
-94.792156
-57.472605
7.469887
15.092990
20.661004
91.863710
6.464463
-32.891354
-3.183462
-47.794188
1.541350
-75.114669
-29.361296
8.979664
-6.842671
-53.243707
-30.875984
-17.868517
-132.241370
9.040279
-65.492356
-101.224820
-146.877866
9.536211
13.253220
-15.801721
-86.418136
-48.762536
-93.458101
-93.162240
-0.260805
-39.662508
-25.590898
-31.255800
-14.108679
-26.430481
-43.045958
-3.297592
-24.510847
-58.606324
98.474826
129.939128
14.350135
-92.853061
-12.862576
40.044651
28.630832
-22.552103
21.925241
0.850096
105.220385
4.373427
14.259851
62.450289
131.130164
-15.416361
124.875951
-63.946924
35.978451
-9.180054
-10.294227
38.829241
9.838905
13.434923
3.322260
-22.426896
-33.097409
-90.257653
-116.759303
-44.517192
33.524522
-122.981398
11.989464
55.772617
-44.271853
-27.878081
118.724163
28.069956
-0.281095
-78.636678
-48.891285
-35.514760
-4.160529
12.907714
63.992130
-75.203213
11.001359
55.727108
-44.162851
186.213133
86.826365
62.523562
-11.464163
90.934524
-47.204014
3.856259
-5.137812
-43.668807
149.672089
-75.112346
14.671124
-7.485731
3.965277
69.633542
38.307396
61.591261
-14.653917
57.929824
-67.008927
10.276317
133.471095
-54.400927
-142.011234
-1.288382
3.850207
-15.803850
-31.068551
70.914658
118.751460
-16.908768
148.843908
92.951037
-40.459615
59.864473
-10.151820
146.516505
99.103317
-1.537073
-88.563953
-10.901939
31.919490
-49.876043
12.109566
9.830508
77.910676
10.550127
-95.191091
-129.192073
-44.888241
45.480298
-20.450011
-95.700966
36.790912
-250.316724
-6.410687
64.522444
106.601753
-0.491599
-70.155035
8.076242
89.976339
-149.717678
42.646757
13.272956
-40.615509
5.350817
30.850514
32.996876
-40.088464
2.749392
-178.093109
-58.741368
118.338765
-29.949923
75.245662
-124.676514
27.730577
-26.579820
-106.750066
-159.974161
199.576313
130.966791
33.955107
-53.504476
-126.890142
-126.360802
112.748359
-154.539346
2.645201
104.524898
35.907041
145.749241
-103.815586
-47.096472
7.757070
-184.159840
-7.220624
-0.835755
30.243290
27.679414
98.936248
64.544164
209.051544
-58.563968
-187.544514
13.363718
61.124146
-173.885660
-11.885973
133.130947
-134.799380
-57.488443
-109.990066
-9.970611
-154.594581
-13.173464
-75.995856
-115.471463
-129.412437
-67.245683
-15.169930
47.012578
100.649449
-47.478291
-21.289045
22.581364
94.256711
-161.122423
0.592474
-123.048939
78.111543
49.799677
-0.362588
-12.224378
-13.912043
53.873662
-50.404059
89.628806
-133.410595
85.301557
5.641386
1.796947
-63.665386
-135.622848
-66.318534
71.616814
-31.952981
2.050719
55.876698
85.718453
-17.347919
19.818015
85.497027
-69.458164
113.230562
-169.688656
-44.394135
46.665791
16.195580
-126.630376
-139.448831
-71.696404
-118.488488
-116.872875
15.242554
57.916213
23.758663
-62.612565
57.485520
-224.065468
-85.036175
257.708842
111.601794
-16.951434
-58.850279
-4.136454
-205.786297
5.481390
-60.205321
-102.924296
253.914569
-166.760313
2.470443
25.134107
108.808191
9.669841
0.543340
-152.817281
162.760220
62.132072
81.964065
-0.331919
-116.446471
47.072112
15.111357
-96.540650
7.613529
186.438249
7.648747
73.540320
52.511708
-142.225475
8.750187
65.202779
163.582948
3.820450
-24.364558
-38.411650
202.286033
-223.673196
40.432180
-12.207566
-155.203088
51.387736
40.807166
118.783711
-0.808071
-3.688913
-252.032577
-124.653327
-224.843500
-164.698527
190.688326
277.860093
16.389077
-5.192207
-209.355260
-150.451853
302.240799
-287.407800
-38.996421
9.057424
-12.477833
11.537703
42.957308
-0.249923
125.044242
-246.526239
4.808144
15.166029
-5.275181
0.493656
69.502663
-154.082547
150.442444
-53.122367
20.822480
31.141114
-234.233076
-170.053124
105.264599
4.385735
90.401307
187.622068
-17.848163
84.675408
122.925573
-109.063436
-5.363420
299.471221
138.138669
-6.626993
152.493137
133.362461
314.824569
36.637788
-56.412325
37.173731
3.712668
81.600373
18.476979
295.490372
46.417727
221.330558
-96.273682
-107.459236
-137.570701
-45.710214
34.870483
-177.989985
-116.431519
23.158398
-113.272128
119.601357
-13.835817
30.322698
11.556881
3.212935
-3.653521
34.360651
369.271564
-100.992172
197.504613
-80.383338
48.550049
-168.892025
-142.413960
12.445062
-233.081310
290.724245
1.856747
-105.540153
29.236428
-83.633985
170.697366
307.334961
-65.617283
-51.596470
0.803780
-269.152179
121.616691
237.601457
-77.533702
38.276026
-185.786766
60.182321
20.959470
87.547542
115.746152
-48.738814
192.687995
-137.423324
-125.275870
27.048912
-65.090660
-85.888986
15.445334
9.247874
-181.063133
-82.465346
-0.689134
59.470915
105.940194
76.041933
5.368015
68.582678
184.191410
67.491417
-127.606201
3.881885
241.455190
137.319590
256.573618
-116.455698
-56.463866
-87.926518
148.270921
-23.653853
225.809736
-29.771390
203.365310
186.964019
-18.344935
-35.362013
47.518816
-53.981326
-236.728585
-70.709676
305.178881
-37.664020
-82.069546
11.064545
150.056318
-277.077235
128.397237
135.140706
-93.925285
164.574126
69.797864
-135.427827
-27.179931
141.529216
-135.243155
-99.854495
-4.331362
89.787220
249.019852
8.676842
17.639799
-269.529783
-300.988355
-101.634075
-105.576420
-161.918000
-9.826773
34.142834
-119.065536
-91.763294
-171.345608
-189.864177
-227.373738
-36.568061
351.260270
33.496941
-266.054896
97.719990
-22.391530
-37.115478
-307.573434
221.614386
69.936449
-247.547554
-246.256837
162.918836
50.101786
-7.685285
252.118218
-65.608325
-330.349288
-359.371741
242.233634
373.298109
-149.147641
157.024395
102.641287
261.697523
-174.654909
-8.887766
28.629334
431.535000
160.603859
-184.602582
140.890759
-101.817320
70.975596
-124.420467
156.525031
135.836863
-4.301062
33.583966
-146.431426
-57.234442
59.025188
-144.702762
-144.977391
-38.519273
16.846475
159.131622
-193.799953
44.797692
-281.322979
45.692991
14.596946
-85.071872
201.231006
-70.684880
391.288922
10.894983
-80.812686
-139.252610
-302.987500
-20.898476
-158.023502
-6.455614
-105.551771
176.761323
117.647232
0.514242
-151.500906
128.007903
424.887217
-12.850176
-85.465510
195.710564
-87.899210
153.132751
311.182534
10.483459
-170.054517
162.957230
557.766279
184.419711
16.983238
-120.083306
307.340111
-427.452986
-48.204674
-101.701822
123.951221
134.124671
27.268905
109.626219
-64.678539
160.396264
-26.681361
65.803350
198.510810
-93.888253
210.026546
-201.759724
-83.911075
-185.203111
254.468546
6.703272
191.109919
-44.947014
-170.036524
-29.917772
-76.138993
21.354808
31.921953
-39.245055
36.638921
-67.180164
-282.819338
54.084458
-196.949273
237.573963
53.840696
-91.158638
-180.371668
52.675254
228.823413
47.188900
-178.082859
-150.930051
-0.553404
-56.297083
-311.810323
-0.925674
104.531420
-20.710941
-123.350632
190.542248
2.823576
-3.057839
57.628557
254.477163
273.396858
54.793959
11.770700
-113.828496
275.227856
-59.608830
-112.044001
299.673101
29.992607
70.821295
376.867956
51.749826
-213.200418
-67.854643
122.879129
-299.183336
47.024399
-102.164809
138.787777
115.413474
65.289791
-358.363273
143.840755
359.448033
74.140606
-13.551630
-30.658722
220.746547
-182.357520
-95.257373
41.788297
35.677315
-31.009731
-11.616301
54.803651
-7.192176
330.547108
383.588464
216.394086
-29.784029
-126.312575
62.102969
-28.089681
-7.761428
23.459466
191.443491
-82.350477
163.761571
196.456554
-32.536932
-3.334913
164.292584
156.721403
-44.864852
31.041940
-242.132310
-80.347365
-189.715500
-430.538395
-128.622596
-15.258579
-12.240396
30.183111
146.841159
92.661572
-0.286824
-43.371910
-79.040875
-2.206078
-129.248762
6.373532
-116.303455
-94.226160
-98.851265
222.169815
-136.662761
214.010183
-9.618609
-211.880140
-242.863290
-286.781729
-56.288865
352.263089
113.349322
188.471441
-328.919773
252.453100
-41.165463
218.980764
-54.587688
-147.986930
80.924880
-270.208934
-11.392404
-151.466801
-258.629225
6.201487
-286.551092
56.812845
264.378817
-66.662411
-432.049085
75.646884
-427.159728
-30.984693
-59.308970
363.178784
-1.591391
213.643039
40.507804
46.417532
-127.792919
310.321601
266.012458
-51.868887
-144.034342
579.509510
180.930806
278.617036
171.247356
28.250820
1.779234
-21.044301
103.503115
-172.424596
-248.470143
-235.519175
-548.483234
283.276088
23.945102
57.273557
-186.243256
436.240368
-102.794889
111.975682
-594.173346
-266.960899
-54.183739
312.867764
-153.736630
278.375071
-192.092558
18.305061
135.022268
-227.467750
-67.594259
-100.455128
-430.554476
519.781581
-98.296279
197.520219
-136.863025
-85.127863
-276.591178
-6.040550
808.491632
466.755383
517.284775
21.358870
-63.983355
93.663250
366.301616
75.964194
192.462851
-250.696077
-426.305757
-108.536592
-171.687007
252.997410
-43.198652
434.864810
-295.016502
123.512717
-38.533644
395.662520
251.928376
-194.077668
-132.900699
357.591291
-143.218122
-294.136171
33.076704
-51.253926
-33.877661
222.252267
-34.214559
188.438083
6.479262
325.451847
90.708817
-281.271515
371.447142
-8.489752
-62.916101
728.976035
70.063079
226.337268
