0.002991
0.000723
0.000150
0.000047
0.000059
0.000104
0.000016
0.002497
0.000035
0.000034
0.000019
0.000021
0.010850
0.000034
0.000023
0.000013
0.000035
0.000055
0.000007
0.000000
0.000019
0.000009
0.000028
0.000017
0.000008
0.000000
0.000015
0.000019
0.000029
0.000072
0.000190
0.000006
0.000043
0.000029
0.000010
0.000015
0.000008
0.000009
0.000000
0.000011
0.008189
0.000078
0.000009
0.000010
0.000000
0.000000
0.000000
0.000039
0.000018
0.000010
0.000008
0.000000
0.000000
0.000010
0.000027
0.000000
0.000038
0.000000
0.000000
0.000000
0.000013
0.000038
0.000029
0.000009
0.000010
0.000000
0.000135
0.000015
0.000000
0.000000
0.000010
0.000804
0.000000
0.000075
0.000009
0.000012
0.000037
0.000000
0.000029
0.000019
0.000007
0.000000
0.000008
0.000011
0.000090
0.000009
0.000077
0.000102
0.000011
0.000011
0.000007
0.000007
0.000008
0.000000
0.000033
0.000007
0.000008
0.000009
0.000009
0.000000
0.000014
0.000006
0.000000
0.000052
0.000018
0.000916
0.000000
0.000000
0.000006
0.000007
0.000000
0.000000
0.000402
0.000006
0.000234
0.000023
0.000261
0.000071
0.000000
0.000000
0.000006
0.000010
0.000056
0.000000
0.000021
0.000000
0.000000
0.000006
0.000000
0.000008
0.000029
0.000010
0.000012
0.000021
0.000007
0.000008
0.000000
0.000006
0.000000
0.000000
0.000014
0.000091
0.000026
0.000269
0.000023
0.000000
0.000000
0.000028
0.000009
0.000008
0.000007
0.000008
0.000000
0.000020
0.000000
0.000000
0.000015
0.000024
0.000013
0.000008
0.000012
0.000007
0.000009
0.000017
0.000006
0.000010
0.000011
0.000008
0.000026
0.000006
0.000039
0.000008
0.000014
0.000010
0.000018
0.000000
0.000000
0.000000
0.000053
0.000000
0.000000
0.000010
0.000000
0.000008
0.000006
0.000010
0.000000
0.000006
0.000000
0.000009
0.000012
0.000010
0.000006
0.000000
0.000083
0.000009
0.000009
0.000000
0.000006
0.000000
0.000000
0.000000
0.000009
0.000000
0.000008
0.000008
0.000008
0.000000
0.000010
0.000009
0.000037
0.000013
0.000010
0.000000
0.000010
0.000010
0.000011
0.000000
0.000022
0.000000
0.000030
0.000021
0.000011
0.000013
0.000008
0.000000
0.000000
0.000006
0.000000
0.000000
0.000000
0.000000
0.000007
0.000011
0.000000
0.000000
0.000010
0.000008
0.000056
0.000013
0.000000
0.000009
0.000009
0.000000
0.000000
0.000009
0.001316
0.000000
0.000000
0.000000
0.000351
0.000011
0.000000
0.000000
0.000011
0.000000
0.000000
0.000000
0.000009
0.000000
0.000009
0.000007
0.000000
0.000008
0.000000
0.000022
0.000000
0.000015
0.000009
0.000000
0.000010
0.000009
0.000024
0.000007
0.000010
0.000009
0.000010
0.000029
0.000011
0.000000
0.000000
0.000008
0.000086
0.000011
0.000009
0.000011
0.000021
0.001171
0.000000
0.000000
0.000008
0.000000
0.000012
0.000006
0.000000
0.000000
0.000010
0.000012
0.000000
0.000006
0.000000
0.000143
0.000013
0.000000
0.000006
0.000000
0.000000
0.000008
0.000000
0.000000
0.000009
0.000006
0.000000
0.000011
0.000000
0.000009
0.000007
0.000009
0.000031
0.000000
0.000008
0.000000
0.000010
0.000000
0.000000
0.000010
0.000007
0.000015
0.000020
0.000008
0.000000
0.000007
0.000000
0.000000
0.000000
0.000009
0.000007
0.000007
0.000000
0.000008
0.000000
0.000000
0.000006
0.000012
0.000000
0.000041
0.000000
0.000006
0.000022
0.000009
0.000008
0.000000
0.000008
0.000000
0.000000
0.000010
0.000110
0.000000
0.000039
0.000010
0.000011
0.000011
0.000007
0.000000
0.000009
0.000011
0.000009
0.000016
0.000000
0.000009
0.000000
0.000008
0.000000
0.000010
0.000000
0.000000
0.000000
0.000000
0.000007
0.000011
0.000000
0.000016
0.000000
0.000000
0.000000
0.000000
0.000015
0.000008
0.000011
0.000000
0.000011
0.000000
0.000012
0.000018
0.000008
0.000000
0.000011
0.000032
0.000007
0.000012
0.000000
0.000000
0.000011
0.000000
0.000000
0.000008
0.000008
0.000000
0.000000
0.000006
0.000016
0.000016
0.000007
0.000009
0.000000
0.000012
0.000012
0.000000
0.000000
0.000000
0.000007
0.000009
0.000000
0.000011
0.000000
0.000000
0.000000
0.000074
0.000020
0.000008
0.000101
0.000010
0.000000
0.000000
0.000000
0.000000
0.000007
0.000000
0.000000
0.000018
0.000010
0.000000
0.000008
0.000000
0.000000
0.000024
0.000011
0.000008
0.000000
0.000008
0.000000
0.000007
0.000008
0.000000
0.000010
0.000009
0.000000
0.000000
0.000000
0.000000
0.000006
0.000012
0.000007
0.000000
0.000000
0.000000
0.000007
0.000033
0.000006
0.000008
0.000007
0.000013
0.000009
0.000000
0.000000
0.000008
0.000000
0.000007
0.000067
0.000000
0.000157
0.000000
0.000000
0.000009
0.000009
0.000011
0.000000
0.000000
0.000007
0.000048
0.000000
0.000000
0.000000
0.000011
0.000000
0.000000
0.000000
0.000006
0.000006
0.000000
0.000006
0.000000
0.000007
0.000000
0.000012
0.000000
0.000008
0.000009
0.000000
0.000000
0.000008
0.000000
0.000000
0.000000
0.000000
0.000011
0.000010
0.000000
0.000000
0.000000
0.000000
0.000010
0.000008
0.000009
0.000011
0.000000
0.000007
0.000000
0.000000
0.000012
0.000006
0.000018
0.000000
0.000135
0.000009
0.000000
0.000000
0.000000
0.000037
0.000058
0.000000
0.000011
0.000000
0.000010
0.000009
0.000016
0.000000
0.000000
0.000008
0.000000
0.000000
0.000000
0.000007
0.000070
0.000269
0.000007
0.000021
0.000008
0.000000
0.000009
0.000017
0.000008
0.000014
0.000012
0.000000
0.000008
0.000000
0.000012
0.000000
0.000000
0.000007
0.000008
0.000012
0.000000
0.000000
0.000007
0.000000
0.000018
0.000007
0.000000
0.000010
0.000000
0.000007
0.000000
0.000000
0.000022
0.000012
0.000000
0.000000
0.000125
0.000007
0.000008
0.000010
0.000000
0.000010
0.000007
0.000008
0.000000
0.000019
0.000000
0.000008
0.000000
0.000000
0.000000
0.000000
0.000010
0.000048
0.000000
0.000009
0.000009
0.000000
0.000000
0.000016
0.000019
0.000000
0.000000
0.000000
0.000000
0.000008
0.000010
0.000007
0.000000
0.000006
0.000009
0.000000
0.000000
0.000014
0.000000
0.000011
0.000000
0.000007
0.000000
0.000000
0.000006
0.000000
0.000009
0.000008
0.000010
0.000008
0.000000
0.000000
0.000000
0.000009
0.000000
0.000000
0.000000
0.000007
0.000000
0.000000
0.000000
0.000036
0.000000
0.000000
0.000017
0.000000
0.000000
0.000007
0.000000
0.000000
0.000010
0.000000
0.000007
0.000014
0.000008
0.000009
0.000000
0.000008
0.000007
0.000000
0.000000
0.000000
0.000011
0.000009
0.000009
0.000000
0.000012
0.000008
0.000000
0.000008
0.000019
0.000000
0.000012
0.000013
0.000000
0.000008
0.000007
0.000011
0.000000
0.000011
0.000009
0.000000
0.000006
0.000000
0.000012
0.000007
0.000000
0.000000
0.000011
0.000007
0.000011
0.000000
0.000007
0.000000
0.000006
0.000000
0.000007
0.000014
0.000010
0.000000
0.000000
0.000009
0.000000
0.000008
0.000008
0.000008
0.000008
0.000007
0.000000
0.000000
0.000000
0.000000
0.000000
0.000013
0.000008
0.000016
0.000000
0.000011
0.000007
0.000014
0.000000
0.000006
0.000008
0.000010
0.000000
0.000006
0.000000
0.000007
0.000007
0.000008
0.000032
0.000000
0.000011
0.000080
0.000000
0.000011
0.000000
0.000008
0.000010
0.000007
0.000018
0.000000
0.000010
0.000007
0.000008
0.000000
0.000030
0.000000
0.000000
0.000010
0.000000
0.000006
0.000007
0.000000
0.000006
0.000000
0.000000
0.000008
0.000000
0.000000
0.000000
0.000000
0.000463
0.000007
0.000008
0.000000
0.000008
0.000006
0.000010
0.000000
0.000020
0.000011
0.000000
0.000006
0.000008
0.000000
0.000009
0.000000
0.000010
0.000010
0.000010
0.000012
0.000006
0.000000
0.000006
0.000000
0.000007
0.000010
0.000007
0.000008
0.000000
0.000010
0.000020
0.000000
0.000008
0.000010
0.000007
0.000007
0.000000
0.000000
0.000000
0.000000
0.000010
0.000017
0.000000
0.000050
0.000008
0.000006
0.000009
0.000006
0.000006
0.000000
0.000000
0.000007
0.000007
0.000007
0.000010
0.000006
0.000034
0.000006
0.000006
0.000008
0.000007
0.000000
0.000011
0.000008
0.000000
0.000008
0.000008
0.000006
0.000006
0.000011
0.000000
0.000000
0.000007
0.000000
0.000007
0.000017
0.000000
0.000000
0.000000
0.000006
0.000011
0.000000
0.000000
0.000018
0.000018
0.000010
0.000008
0.000010
0.000000
0.000000
0.000010
0.000000
0.000028
0.000000
0.000000
0.000000
0.000000
0.000000
0.000019
0.000010
0.000000
0.000000
0.000007
0.000009
0.000000
0.000008
0.000006
0.000000
0.000000
0.000000
0.000000
0.000000
0.000010
0.000000
0.000013
0.000006
0.000000
0.000009
0.000009
0.000000
0.000160
0.000000
0.000000
0.000008
0.000000
0.000000
0.000006
0.000000
0.000000
0.000000
0.000009
0.000007
0.000008
0.000007
0.000000
0.000000
0.000008
0.000000
0.000010
0.000007
0.000000
0.000010
0.000010
0.000000
0.000011
0.000011
0.000008
0.000007
0.000007
0.000000
0.000011
0.000000
0.000000
0.000011
0.000000
0.000007
0.000010
0.000008
0.000008
0.000000
0.000008
0.000009
0.000019
0.000000
0.000000
0.000000
0.000009
0.000014
0.000000
0.000008
0.000000
0.000000
0.000000
0.000000
0.000007
0.000000
0.000033
0.000019
0.000012
0.000011
0.000009
0.000000
0.000019
0.000009
0.000000
0.000009
0.000000
0.000010
0.000000
0.000009
0.000008
0.000000
0.000010
0.000011
0.000000
0.000007
0.000012
0.000000
0.000000
0.000007
0.000000
0.000000
0.000012
0.000010
0.000000
0.000006
0.000000
0.000008
0.000011
0.000000
0.000000
0.000008
0.000000
0.000010
0.000000
0.000000
0.000011
0.000000
0.000010
0.000009
0.000000
0.000011
0.000006
0.000008
0.000000
0.000000
0.000012
0.000000
0.000000
0.000011
0.000000
0.000008
0.000009
0.000009
0.000007
0.000007
0.000010
0.000000
0.000000
0.000000
0.000007
0.000000
0.000009
0.000000
0.000101
0.000000
0.000000
0.000008
0.000007
0.000010
0.000000
0.000009
NaN
