0.000000000000000000000000000000
0.007503130473196506500244140625
-0.021137755364179611206054687500
-0.169254586100578308105468750000
0.079362772405147552490234375000
-0.253320604562759399414062500000
0.488429069519042968750000000000
12.047450065612792968750000000000
-0.003952702507376670837402343750
2.018166065216064453125000000000
-5.543899536132812500000000000000
4.967857837677001953125000000000
0.850676417350769042968750000000
-0.001259566284716129302978515625
-0.871440351009368896484375000000
-8.173089027404785156250000000000
-7.444121360778808593750000000000
-0.015783179551362991333007812500
-0.650088429450988769531250000000
-13.598172187805175781250000000000
-11.735532760620117187500000000000
-4.944672107696533203125000000000
21.978424072265625000000000000000
-5.101039886474609375000000000000
-22.840898513793945312500000000000
22.963941574096679687500000000000
18.565082550048828125000000000000
-26.138725280761718750000000000000
-19.754068374633789062500000000000
4.943695545196533203125000000000
0.662723183631896972656250000000
-0.534624993801116943359375000000
-122.741081237792968750000000000000
8.779225349426269531250000000000
-10.034368515014648437500000000000
76.835609436035156250000000000000
-51.740829467773437500000000000000
-94.423782348632812500000000000000
161.286895751953125000000000000000
46.277465820312500000000000000000
273.885345458984375000000000000000
0.013589167036116123199462890625
-4.281420707702636718750000000000
40.925662994384765625000000000000
74.137054443359375000000000000000
362.716735839843750000000000000000
20.729318618774414062500000000000
426.467163085937500000000000000000
12.253283500671386718750000000000
-21.669059753417968750000000000000
1.146871447563171386718750000000
100.434829711914062500000000000000
997.706298828125000000000000000000
86.252731323242187500000000000000
-319.758300781250000000000000000000
21.288520812988281250000000000000
-129.555267333984375000000000000000
1.548272132873535156250000000000
9.602482795715332031250000000000
-142.418716430664062500000000000000
3.179092407226562500000000000000
14.184218406677246093750000000000
-5.030881404876708984375000000000
-4.997832775115966796875000000000
166.210021972656250000000000000000
-311.307922363281250000000000000000
150.430038452148437500000000000000
1.060894966125488281250000000000
-51.057384490966796875000000000000
78.873466491699218750000000000000
48.554569244384765625000000000000
306.532928466796875000000000000000
-0.209440991282463073730468750000
441.329833984375000000000000000000
-4.452154636383056640625000000000
648.600097656250000000000000000000
16.515642166137695312500000000000
-6.477529048919677734375000000000
655.172363281250000000000000000000
79.125381469726562500000000000000
636.649291992187500000000000000000
427.835937500000000000000000000000
201.855972290039062500000000000000
394.138641357421875000000000000000
-35.108001708984375000000000000000
-7.975794315338134765625000000000
170.739654541015625000000000000000
-2.800529479980468750000000000000
1.870251536369323730468750000000
67.333038330078125000000000000000
273.027496337890625000000000000000
-226.582031250000000000000000000000
-418.178619384765625000000000000000
-12.369683265686035156250000000000
194.352569580078125000000000000000
17.328805923461914062500000000000
-56.727020263671875000000000000000
46.249237060546875000000000000000
167.751358032226562500000000000000
-1.273954749107360839843750000000
44.595119476318359375000000000000
-6.938392162322998046875000000000
58.726356506347656250000000000000
96.594947814941406250000000000000
11.074122428894042968750000000000
42.018173217773437500000000000000
-0.358017295598983764648437500000
26.846494674682617187500000000000
37.207534790039062500000000000000
30.673320770263671875000000000000
106.724830627441406250000000000000
3193.641357421875000000000000000000
-155.537979125976562500000000000000
-0.444908946752548217773437500000
60.688137054443359375000000000000
-0.432105660438537597656250000000
133.778060913085937500000000000000
2.736621379852294921875000000000
-7.372698307037353515625000000000
290.026550292968750000000000000000
-550.467590332031250000000000000000
-1015.673583984375000000000000000000
-610.753601074218750000000000000000
-20.359605789184570312500000000000
-1566.877807617187500000000000000000
291.417449951171875000000000000000
-90.321311950683593750000000000000
-736.192687988281250000000000000000
1899.458251953125000000000000000000
182.361251831054687500000000000000
187.170593261718750000000000000000
13.109869956970214843750000000000
-156.594802856445312500000000000000
-131.206390380859375000000000000000
-9.286311149597167968750000000000
816.162414550781250000000000000000
-1625.118652343750000000000000000000
413.093292236328125000000000000000
-4029.822265625000000000000000000000
313.597930908203125000000000000000
557.683471679687500000000000000000
-109.952514648437500000000000000000
1.433576583862304687500000000000
-22.386339187622070312500000000000
1.862583637237548828125000000000
203.314376831054687500000000000000
-639.344787597656250000000000000000
68.398674011230468750000000000000
-54.335395812988281250000000000000
-1353.175537109375000000000000000000
-24.551286697387695312500000000000
457.170623779296875000000000000000
1505.480590820312500000000000000000
889.764099121093750000000000000000
29.088666915893554687500000000000
283.923797607421875000000000000000
83.057159423828125000000000000000
-98.964561462402343750000000000000
259.629394531250000000000000000000
58.954334259033203125000000000000
1465.074462890625000000000000000000
122.717330932617187500000000000000
-102.862312316894531250000000000000
43.122421264648437500000000000000
44.364940643310546875000000000000
1907.806030273437500000000000000000
-38.282260894775390625000000000000
-4549.650390625000000000000000000000
1482.752563476562500000000000000000
28.827934265136718750000000000000
954.854858398437500000000000000000
-14.711654663085937500000000000000
3245.844482421875000000000000000000
107.305389404296875000000000000000
148.973876953125000000000000000000
173.255996704101562500000000000000
-912.091064453125000000000000000000
8.420699119567871093750000000000
1046.762329101562500000000000000000
-7.209942340850830078125000000000
-2875.329345703125000000000000000000
-77.914360046386718750000000000000
159.362304687500000000000000000000
-42.828178405761718750000000000000
362.359924316406250000000000000000
-61.339328765869140625000000000000
79.965393066406250000000000000000
463.992218017578125000000000000000
253.931854248046875000000000000000
1974.632202148437500000000000000000
2732.899414062500000000000000000000
-1034.670288085937500000000000000000
-79.464736938476562500000000000000
1966.046386718750000000000000000000
-1242.250610351562500000000000000000
-2.000397920608520507812500000000
-89.401939392089843750000000000000
-705.207824707031250000000000000000
-9956.897460937500000000000000000000
-1890.277954101562500000000000000000
-113.183326721191406250000000000000
328.494903564453125000000000000000
418.966339111328125000000000000000
690.457397460937500000000000000000
515.423217773437500000000000000000
3020.265869140625000000000000000000
195.464675903320312500000000000000
101.120498657226562500000000000000
-2099.779052734375000000000000000000
-5068.993652343750000000000000000000
-161.411804199218750000000000000000
7.655162334442138671875000000000
486.313812255859375000000000000000
1239.120483398437500000000000000000
-6495.407226562500000000000000000000
148.291320800781250000000000000000
591.964477539062500000000000000000
9.071095466613769531250000000000
-2559.012695312500000000000000000000
-70.314704895019531250000000000000
-9156.027343750000000000000000000000
12.889225959777832031250000000000
586.286865234375000000000000000000
-16.875968933105468750000000000000
3801.444091796875000000000000000000
188.280319213867187500000000000000
-227.797821044921875000000000000000
-1130.791137695312500000000000000000
122.173248291015625000000000000000
1032.733886718750000000000000000000
-4198.748535156250000000000000000000
9771.627929687500000000000000000000
-268.737487792968750000000000000000
448.677825927734375000000000000000
1116.415649414062500000000000000000
3770.629394531250000000000000000000
3289.212890625000000000000000000000
1203.664550781250000000000000000000
743.336730957031250000000000000000
3.836385965347290039062500000000
-1856.391235351562500000000000000000
-699.217285156250000000000000000000
1409.034912109375000000000000000000
-672.692077636718750000000000000000
-853.987792968750000000000000000000
-681.184265136718750000000000000000
-86.095703125000000000000000000000
0.276237219572067260742187500000
-722.656311035156250000000000000000
11024.497070312500000000000000000000
1358.685424804687500000000000000000
-2.104777097702026367187500000000
8979.629882812500000000000000000000
2259.321289062500000000000000000000
1701.092773437500000000000000000000
-537.815307617187500000000000000000
213.635406494140625000000000000000
-429.949340820312500000000000000000
101.688720703125000000000000000000
11047.709960937500000000000000000000
-550.510070800781250000000000000000
-688.222900390625000000000000000000
1710.224243164062500000000000000000
2818.778076171875000000000000000000
-50.706382751464843750000000000000
5363.494628906250000000000000000000
141.819625854492187500000000000000
-387.430145263671875000000000000000
-51.891712188720703125000000000000
1422.501342773437500000000000000000
1593.187255859375000000000000000000
73.111946105957031250000000000000
688.379821777343750000000000000000
-48.520198822021484375000000000000
-828.385681152343750000000000000000
1177.222167968750000000000000000000
-5734.400390625000000000000000000000
1253.424682617187500000000000000000
78.366104125976562500000000000000
2202.770263671875000000000000000000
8186.807617187500000000000000000000
141.617111206054687500000000000000
-2907.920410156250000000000000000000
22.187944412231445312500000000000
2189.148681640625000000000000000000
-11091.509765625000000000000000000000
1129.942871093750000000000000000000
-18.307460784912109375000000000000
1.985812067985534667968750000000
7177.903808593750000000000000000000
-1992.685546875000000000000000000000
95.291854858398437500000000000000
-164.087005615234375000000000000000
-65.637550354003906250000000000000
119.210929870605468750000000000000
76.096160888671875000000000000000
2787.493652343750000000000000000000
-4808.023925781250000000000000000000
-33824.210937500000000000000000000000
594.379455566406250000000000000000
-1907.374511718750000000000000000000
105.366645812988281250000000000000
-23.959972381591796875000000000000
56.870025634765625000000000000000
402.779541015625000000000000000000
-481.328735351562500000000000000000
-2531.138183593750000000000000000000
8025.068359375000000000000000000000
-3195.849121093750000000000000000000
-491.297973632812500000000000000000
70.639907836914062500000000000000
-165.487030029296875000000000000000
7773.099609375000000000000000000000
-5532.942382812500000000000000000000
543.015319824218750000000000000000
-1380.344116210937500000000000000000
5669.912109375000000000000000000000
-3350.513427734375000000000000000000
-1358.687622070312500000000000000000
148.290527343750000000000000000000
-6226.785156250000000000000000000000
-1474.667846679687500000000000000000
63.280498504638671875000000000000
-75.717681884765625000000000000000
-2263.118408203125000000000000000000
4873.744140625000000000000000000000
2537.400146484375000000000000000000
7236.649902343750000000000000000000
-3183.981201171875000000000000000000
-2395.004394531250000000000000000000
-6289.277832031250000000000000000000
72.014953613281250000000000000000
-865.190612792968750000000000000000
136.686309814453125000000000000000
14496.835937500000000000000000000000
297.543914794921875000000000000000
-22.245794296264648437500000000000
-14105.612304687500000000000000000000
-56.550765991210937500000000000000
-835.762268066406250000000000000000
-812.765380859375000000000000000000
445.886627197265625000000000000000
243.991851806640625000000000000000
-3893.743164062500000000000000000000
259.733459472656250000000000000000
2967.393310546875000000000000000000
14.115783691406250000000000000000
-208.723770141601562500000000000000
3994.668701171875000000000000000000
-34.616939544677734375000000000000
175.415649414062500000000000000000
731.470581054687500000000000000000
12737.858398437500000000000000000000
50.644027709960937500000000000000
-7031.273437500000000000000000000000
16315.137695312500000000000000000000
-18.174409866333007812500000000000
-31.240386962890625000000000000000
515.713928222656250000000000000000
-59.286849975585937500000000000000
-9509.045898437500000000000000000000
1121.880981445312500000000000000000
-555.836059570312500000000000000000
227.833755493164062500000000000000
-88.162216186523437500000000000000
-5316.927734375000000000000000000000
2284.959716796875000000000000000000
-345.609436035156250000000000000000
-96.220329284667968750000000000000
19226.203125000000000000000000000000
-1391.770141601562500000000000000000
1790.990234375000000000000000000000
3036.729248046875000000000000000000
-505.113037109375000000000000000000
-4947.979492187500000000000000000000
517.606750488281250000000000000000
-5566.791015625000000000000000000000
-15075.599609375000000000000000000000
9827.539062500000000000000000000000
27069.080078125000000000000000000000
1094.233764648437500000000000000000
-179.993713378906250000000000000000
-2994.691406250000000000000000000000
-124.632644653320312500000000000000
2785.400390625000000000000000000000
-29264.451171875000000000000000000000
-19665.769531250000000000000000000000
52.418136596679687500000000000000
6492.714843750000000000000000000000
-2255.809326171875000000000000000000
4247.984375000000000000000000000000
-4525.225097656250000000000000000000
2376.857910156250000000000000000000
517.251586914062500000000000000000
-688.926086425781250000000000000000
722.150512695312500000000000000000
91.538673400878906250000000000000
-142.996398925781250000000000000000
-23.882019042968750000000000000000
-14624.005859375000000000000000000000
-261.435180664062500000000000000000
850.090087890625000000000000000000
-12966.275390625000000000000000000000
18105.869140625000000000000000000000
-426.788116455078125000000000000000
-1460.617187500000000000000000000000
25557.365234375000000000000000000000
1474.618164062500000000000000000000
2042.113891601562500000000000000000
16959.439453125000000000000000000000
-3770.058105468750000000000000000000
95.309463500976562500000000000000
48.351734161376953125000000000000
-29915.089843750000000000000000000000
-666.826110839843750000000000000000
-1792.112182617187500000000000000000
-8418.291992187500000000000000000000
8487.867187500000000000000000000000
-2880.415039062500000000000000000000
-76.245147705078125000000000000000
-8700.354492187500000000000000000000
-227.883331298828125000000000000000
-172.913452148437500000000000000000
-1014.786926269531250000000000000000
2276.403564453125000000000000000000
-4672.758789062500000000000000000000
-10029.345703125000000000000000000000
114.688591003417968750000000000000
51.633056640625000000000000000000
58.629585266113281250000000000000
-6454.477539062500000000000000000000
-1.652422904968261718750000000000
2361.969238281250000000000000000000
523.574951171875000000000000000000
-3603.996337890625000000000000000000
-3563.417968750000000000000000000000
1134.753295898437500000000000000000
3370.857910156250000000000000000000
-13979.133789062500000000000000000000
272.116638183593750000000000000000
-42.621112823486328125000000000000
-4688.069335937500000000000000000000
-5584.082031250000000000000000000000
5840.261230468750000000000000000000
1329.397705078125000000000000000000
441.065612792968750000000000000000
94.405975341796875000000000000000
-4553.040527343750000000000000000000
-5917.022949218750000000000000000000
-528.770935058593750000000000000000
192.509567260742187500000000000000
17067.904296875000000000000000000000
3404.172851562500000000000000000000
-11784.258789062500000000000000000000
10844.848632812500000000000000000000
1241.370483398437500000000000000000
-336.800048828125000000000000000000
685.442810058593750000000000000000
10066.212890625000000000000000000000
-6153.636230468750000000000000000000
15816.225585937500000000000000000000
-3836.439453125000000000000000000000
-4220.630371093750000000000000000000
-12.985771179199218750000000000000
10239.758789062500000000000000000000
4647.795898437500000000000000000000
-1797.356445312500000000000000000000
-14325.217773437500000000000000000000
273.672454833984375000000000000000
502.363555908203125000000000000000
-1478.638305664062500000000000000000
861.378417968750000000000000000000
-1875.199340820312500000000000000000
-346.752899169921875000000000000000
49.036376953125000000000000000000
14725.825195312500000000000000000000
377.697967529296875000000000000000
6831.479980468750000000000000000000
-7235.491699218750000000000000000000
-181.062652587890625000000000000000
-29019.273437500000000000000000000000
0.379030197858810424804687500000
1124.084960937500000000000000000000
17822.662109375000000000000000000000
163.504959106445312500000000000000
43.540863037109375000000000000000
-17513.746093750000000000000000000000
-16612.595703125000000000000000000000
-4848.172851562500000000000000000000
-6771.272460937500000000000000000000
-23.680984497070312500000000000000
26017.712890625000000000000000000000
-4699.878906250000000000000000000000
262.055877685546875000000000000000
-8734.696289062500000000000000000000
152.264511108398437500000000000000
7297.364746093750000000000000000000
-1122.155029296875000000000000000000
3970.988037109375000000000000000000
-4077.725830078125000000000000000000
22156.533203125000000000000000000000
-952.458557128906250000000000000000
-1275.852050781250000000000000000000
13529.321289062500000000000000000000
76.018707275390625000000000000000
1035.223144531250000000000000000000
-3593.507812500000000000000000000000
1498.195800781250000000000000000000
-11334.617187500000000000000000000000
132.672851562500000000000000000000
995.366821289062500000000000000000
-3083.591796875000000000000000000000
-1505.574584960937500000000000000000
275.134857177734375000000000000000
-19199.560546875000000000000000000000
65.256172180175781250000000000000
274.890197753906250000000000000000
-296.209838867187500000000000000000
-36171.570312500000000000000000000000
17494.830078125000000000000000000000
-606.667480468750000000000000000000
393.029022216796875000000000000000
-78729.500000000000000000000000000000
-390.096740722656250000000000000000
175.681457519531250000000000000000
1096.097412109375000000000000000000
3817.383544921875000000000000000000
-27430.751953125000000000000000000000
70042.187500000000000000000000000000
-437.604187011718750000000000000000
502.187042236328125000000000000000
490.373229980468750000000000000000
-1392.531005859375000000000000000000
5768.630371093750000000000000000000
14.865107536315917968750000000000
-21918.886718750000000000000000000000
16478.300781250000000000000000000000
-1124.931762695312500000000000000000
-1629.093627929687500000000000000000
5.200367927551269531250000000000
4.905730724334716796875000000000
3218.796142578125000000000000000000
-35182.359375000000000000000000000000
23587.818359375000000000000000000000
20189.644531250000000000000000000000
-43.020282745361328125000000000000
6215.177246093750000000000000000000
-12364.602539062500000000000000000000
-25287.861328125000000000000000000000
3185.501220703125000000000000000000
-360.473510742187500000000000000000
19230.437500000000000000000000000000
3963.810302734375000000000000000000
440.998596191406250000000000000000
29.862220764160156250000000000000
-22.673866271972656250000000000000
-431.972778320312500000000000000000
-573.573913574218750000000000000000
23146.919921875000000000000000000000
-11036.209960937500000000000000000000
171.933502197265625000000000000000
1458.665283203125000000000000000000
-12986.975585937500000000000000000000
-57272.085937500000000000000000000000
122.888916015625000000000000000000
2585.566894531250000000000000000000
-6296.072265625000000000000000000000
-6.588195800781250000000000000000
-16621.488281250000000000000000000000
3041.729980468750000000000000000000
23386.201171875000000000000000000000
3621.220214843750000000000000000000
-6021.608398437500000000000000000000
4220.776367187500000000000000000000
26667.390625000000000000000000000000
-5614.156738281250000000000000000000
1776.823486328125000000000000000000
1156.472900390625000000000000000000
337.158050537109375000000000000000
13261.948242187500000000000000000000
-3828.141845703125000000000000000000
40961.140625000000000000000000000000
7827.642578125000000000000000000000
-102.841781616210937500000000000000
-2604.137207031250000000000000000000
631.997863769531250000000000000000
-546.414794921875000000000000000000
-127.775032043457031250000000000000
-177.913696289062500000000000000000
-77329.210937500000000000000000000000
-16.843675613403320312500000000000
-26292.470703125000000000000000000000
-23296.902343750000000000000000000000
-4656.576171875000000000000000000000
-24753.638671875000000000000000000000
-38853.187500000000000000000000000000
-1637.281860351562500000000000000000
6099.999511718750000000000000000000
11595.906250000000000000000000000000
-161.796813964843750000000000000000
29240.794921875000000000000000000000
-787.125244140625000000000000000000
1171.003295898437500000000000000000
4340.861328125000000000000000000000
-5172.972167968750000000000000000000
-5567.819824218750000000000000000000
-319.866210937500000000000000000000
-80.228073120117187500000000000000
-4625.884277343750000000000000000000
699.860839843750000000000000000000
11041.067382812500000000000000000000
2569.622558593750000000000000000000
-5574.962402343750000000000000000000
24356.162109375000000000000000000000
-1289.822265625000000000000000000000
-2377.122070312500000000000000000000
3151.022705078125000000000000000000
-16499.882812500000000000000000000000
2519.782470703125000000000000000000
100919.578125000000000000000000000000
601.054809570312500000000000000000
-29673.589843750000000000000000000000
-1391.623901367187500000000000000000
7685.605468750000000000000000000000
-5545.989257812500000000000000000000
2244.797363281250000000000000000000
-1397.542358398437500000000000000000
7069.332031250000000000000000000000
-5099.739746093750000000000000000000
-35.773883819580078125000000000000
-8256.938476562500000000000000000000
-3603.646728515625000000000000000000
-4171.153320312500000000000000000000
432.667663574218750000000000000000
3905.466308593750000000000000000000
961.042053222656250000000000000000
-5288.422851562500000000000000000000
789.688476562500000000000000000000
-308.047119140625000000000000000000
-5914.079589843750000000000000000000
7025.843261718750000000000000000000
1225.023925781250000000000000000000
9579.125976562500000000000000000000
345.843688964843750000000000000000
4579.980468750000000000000000000000
868.529479980468750000000000000000
4508.579101562500000000000000000000
-54891.699218750000000000000000000000
1251.641113281250000000000000000000
-48723.480468750000000000000000000000
-49350.632812500000000000000000000000
20.958812713623046875000000000000
317.209167480468750000000000000000
5216.771484375000000000000000000000
-91.397941589355468750000000000000
17322.072265625000000000000000000000
4346.533203125000000000000000000000
-1817.196777343750000000000000000000
-3043.512695312500000000000000000000
-4947.176269531250000000000000000000
304.808502197265625000000000000000
4231.592285156250000000000000000000
-58041.578125000000000000000000000000
-14216.885742187500000000000000000000
49896.445312500000000000000000000000
-10287.567382812500000000000000000000
-50917.816406250000000000000000000000
-6117.372558593750000000000000000000
-467.900390625000000000000000000000
1295.765747070312500000000000000000
15727.513671875000000000000000000000
-27243.541015625000000000000000000000
18214.218750000000000000000000000000
339.257476806640625000000000000000
351.395263671875000000000000000000
8526.245117187500000000000000000000
2114.168212890625000000000000000000
360.515228271484375000000000000000
16519.494140625000000000000000000000
101164.164062500000000000000000000000
1314.230346679687500000000000000000
46896.972656250000000000000000000000
16532.937500000000000000000000000000
241.544464111328125000000000000000
6088.766601562500000000000000000000
-12385.513671875000000000000000000000
3457.421630859375000000000000000000
-34424.019531250000000000000000000000
-23196.228515625000000000000000000000
-68319.796875000000000000000000000000
5205.756347656250000000000000000000
80976.828125000000000000000000000000
-956.096740722656250000000000000000
2572.957031250000000000000000000000
522.485534667968750000000000000000
3507.284667968750000000000000000000
-2728.301269531250000000000000000000
-60587.847656250000000000000000000000
9255.557617187500000000000000000000
-3401.857421875000000000000000000000
35958.835937500000000000000000000000
70245.750000000000000000000000000000
27544.687500000000000000000000000000
-20007.035156250000000000000000000000
486.779998779296875000000000000000
-16265.408203125000000000000000000000
-7395.901855468750000000000000000000
28240.513671875000000000000000000000
-78492.062500000000000000000000000000
37164.246093750000000000000000000000
-81419.437500000000000000000000000000
644.870422363281250000000000000000
-5021.798828125000000000000000000000
-12855.368164062500000000000000000000
23256.773437500000000000000000000000
-51282.953125000000000000000000000000
-45.736293792724609375000000000000
450.523803710937500000000000000000
-106799.609375000000000000000000000000
-12497.502929687500000000000000000000
-1888.021240234375000000000000000000
-5866.978515625000000000000000000000
-22606.640625000000000000000000000000
-3688.979736328125000000000000000000
47534.679687500000000000000000000000
-1515.760498046875000000000000000000
-36356.253906250000000000000000000000
1110.869140625000000000000000000000
3699.861572265625000000000000000000
862.700988769531250000000000000000
11574.922851562500000000000000000000
3873.045654296875000000000000000000
23153.623046875000000000000000000000
147.114044189453125000000000000000
-12284.797851562500000000000000000000
-2028.558471679687500000000000000000
-17267.363281250000000000000000000000
-28531.300781250000000000000000000000
-442.841278076171875000000000000000
25341.203125000000000000000000000000
-70.613945007324218750000000000000
-1720.366455078125000000000000000000
-1151.574829101562500000000000000000
123.463264465332031250000000000000
6894.365722656250000000000000000000
9209.050781250000000000000000000000
2689.654541015625000000000000000000
-46437.167968750000000000000000000000
18667.839843750000000000000000000000
59677.179687500000000000000000000000
5490.054199218750000000000000000000
66068.843750000000000000000000000000
-585.224548339843750000000000000000
14081.630859375000000000000000000000
-48977.820312500000000000000000000000
-23063.005859375000000000000000000000
-75.453994750976562500000000000000
25604.751953125000000000000000000000
5262.008789062500000000000000000000
18892.230468750000000000000000000000
4482.872070312500000000000000000000
32452.359375000000000000000000000000
-27103.306640625000000000000000000000
9656.643554687500000000000000000000
61207.609375000000000000000000000000
14627.007812500000000000000000000000
222.446456909179687500000000000000
-2998.092285156250000000000000000000
-14825.470703125000000000000000000000
9710.656250000000000000000000000000
33884.218750000000000000000000000000
6729.950195312500000000000000000000
-8.858184814453125000000000000000
109747.929687500000000000000000000000
-51920.691406250000000000000000000000
-20149.257812500000000000000000000000
11700.929687500000000000000000000000
-7872.085449218750000000000000000000
4829.540527343750000000000000000000
-7347.384277343750000000000000000000
-154.290466308593750000000000000000
36665.992187500000000000000000000000
-44121.425781250000000000000000000000
-1994.169067382812500000000000000000
1471.278442382812500000000000000000
-7100.928222656250000000000000000000
-5334.373535156250000000000000000000
-66748.796875000000000000000000000000
-2522.698242187500000000000000000000
2553.976806640625000000000000000000
9890.575195312500000000000000000000
67905.062500000000000000000000000000
-3843.600585937500000000000000000000
-25993.333984375000000000000000000000
-942.430053710937500000000000000000
-72731.398437500000000000000000000000
3741.201904296875000000000000000000
-10027.770507812500000000000000000000
-7272.573242187500000000000000000000
381.318481445312500000000000000000
4634.301757812500000000000000000000
-18681.443359375000000000000000000000
9618.244140625000000000000000000000
6461.667480468750000000000000000000
-5901.218750000000000000000000000000
-39620.742187500000000000000000000000
3329.871337890625000000000000000000
26206.583984375000000000000000000000
31444.226562500000000000000000000000
35923.109375000000000000000000000000
-15033.670898437500000000000000000000
3210.065185546875000000000000000000
9945.083984375000000000000000000000
46225.230468750000000000000000000000
48332.910156250000000000000000000000
107.043289184570312500000000000000
-23975.775390625000000000000000000000
-122096.210937500000000000000000000000
-10.679526329040527343750000000000
-31484.521484375000000000000000000000
3775.483398437500000000000000000000
-13744.208007812500000000000000000000
29601.896484375000000000000000000000
102.582954406738281250000000000000
216.500579833984375000000000000000
6552.867675781250000000000000000000
-37590.285156250000000000000000000000
121529.757812500000000000000000000000
-44.794990539550781250000000000000
1975.392333984375000000000000000000
3810.038818359375000000000000000000
-51370.085937500000000000000000000000
-13769.476562500000000000000000000000
-55392.437500000000000000000000000000
2200.654052734375000000000000000000
3050.158691406250000000000000000000
-11398.084960937500000000000000000000
-201144.500000000000000000000000000000
-25534.125000000000000000000000000000
62951.867187500000000000000000000000
15712.631835937500000000000000000000
-18021.105468750000000000000000000000
12015.511718750000000000000000000000
3418.056396484375000000000000000000
-26265.572265625000000000000000000000
30868.494140625000000000000000000000
28354.896484375000000000000000000000
23407.455078125000000000000000000000
68909.945312500000000000000000000000
-1398.571289062500000000000000000000
-20393.623046875000000000000000000000
-15470.274414062500000000000000000000
-569.172241210937500000000000000000
751.715759277343750000000000000000
-26135.171875000000000000000000000000
5535.943847656250000000000000000000
-21158.105468750000000000000000000000
1230.498413085937500000000000000000
-1564.907104492187500000000000000000
4799.257812500000000000000000000000
-196.534973144531250000000000000000
-5536.354003906250000000000000000000
2396.141357421875000000000000000000
10119.825195312500000000000000000000
-165.828735351562500000000000000000
5934.663085937500000000000000000000
7683.816406250000000000000000000000
9345.920898437500000000000000000000
360.098571777343750000000000000000
7733.306640625000000000000000000000
635.633789062500000000000000000000
-9542.307617187500000000000000000000
60778.066406250000000000000000000000
-9206.997070312500000000000000000000
-14786.746093750000000000000000000000
44216.863281250000000000000000000000
-763.582824707031250000000000000000
181.955627441406250000000000000000
-32474.578125000000000000000000000000
6247.894531250000000000000000000000
128.552459716796875000000000000000
5068.163085937500000000000000000000
60558.351562500000000000000000000000
23563.068359375000000000000000000000
640.709289550781250000000000000000
36239.042968750000000000000000000000
1882.252685546875000000000000000000
-961.406555175781250000000000000000
-1443.818115234375000000000000000000
-1339.064453125000000000000000000000
-22655.273437500000000000000000000000
-38470.707031250000000000000000000000
19.050260543823242187500000000000
-12309.692382812500000000000000000000
1456.167602539062500000000000000000
-373.127380371093750000000000000000
-31212.376953125000000000000000000000
651.642272949218750000000000000000
-2016.317993164062500000000000000000
-30322.007812500000000000000000000000
-7742.855957031250000000000000000000
103504.125000000000000000000000000000
-87759.367187500000000000000000000000
55517.875000000000000000000000000000
1490.578002929687500000000000000000
-107072.203125000000000000000000000000
5181.695312500000000000000000000000
-23324.011718750000000000000000000000
-12292.864257812500000000000000000000
-232689.781250000000000000000000000000
-630.591613769531250000000000000000
-14625.830078125000000000000000000000
81022.601562500000000000000000000000
79244.609375000000000000000000000000
-5135.187500000000000000000000000000
-41237.500000000000000000000000000000
9297.055664062500000000000000000000
-35908.187500000000000000000000000000
12910.546875000000000000000000000000
117875.109375000000000000000000000000
-228.026611328125000000000000000000
-40673.941406250000000000000000000000
73327.648437500000000000000000000000
361.213775634765625000000000000000
-101592.835937500000000000000000000000
8546.403320312500000000000000000000
-26359.601562500000000000000000000000
-14559.794921875000000000000000000000
-75008.562500000000000000000000000000
-24435.617187500000000000000000000000
6332.420898437500000000000000000000
6853.274414062500000000000000000000
-3078.191894531250000000000000000000
-42582.132812500000000000000000000000
160.623779296875000000000000000000
-96771.734375000000000000000000000000
-2818.491210937500000000000000000000
1266.746337890625000000000000000000
21021.111328125000000000000000000000
57712.000000000000000000000000000000
-10561.806640625000000000000000000000
6186.772949218750000000000000000000
22891.468750000000000000000000000000
20227.021484375000000000000000000000
-16581.941406250000000000000000000000
927.250854492187500000000000000000
-29827.296875000000000000000000000000
7421.178222656250000000000000000000
-279.199096679687500000000000000000
5009.572753906250000000000000000000
-16908.626953125000000000000000000000
-34973.960937500000000000000000000000
703.023132324218750000000000000000
-30944.074218750000000000000000000000
-81387.375000000000000000000000000000
-43210.574218750000000000000000000000
13001.237304687500000000000000000000
-5296.254882812500000000000000000000
33720.460937500000000000000000000000
156112.953125000000000000000000000000
24059.351562500000000000000000000000
22364.376953125000000000000000000000
3046.028564453125000000000000000000
-52392.828125000000000000000000000000
20557.349609375000000000000000000000
143896.812500000000000000000000000000
13802.504882812500000000000000000000
-104749.273437500000000000000000000000
16783.632812500000000000000000000000
1580.941650390625000000000000000000
-20616.171875000000000000000000000000
-52456.511718750000000000000000000000
3121.047851562500000000000000000000
893.961303710937500000000000000000
-134649.265625000000000000000000000000
76265.156250000000000000000000000000
44590.320312500000000000000000000000
-30339.425781250000000000000000000000
3672.029296875000000000000000000000
-739.073730468750000000000000000000
72180.984375000000000000000000000000
617.174194335937500000000000000000
-96155.976562500000000000000000000000
-91919.265625000000000000000000000000
-103385.062500000000000000000000000000
598.227050781250000000000000000000
-6025.177734375000000000000000000000
-21450.113281250000000000000000000000
-71557.906250000000000000000000000000
-21445.796875000000000000000000000000
38932.195312500000000000000000000000
-2636.382568359375000000000000000000
33513.652343750000000000000000000000
-36250.992187500000000000000000000000
-61395.304687500000000000000000000000
-50447.699218750000000000000000000000
38.440708160400390625000000000000
-53910.152343750000000000000000000000
-2083.118408203125000000000000000000
-5171.525390625000000000000000000000
-3743.732910156250000000000000000000
34676.753906250000000000000000000000
25645.751953125000000000000000000000
95700.367187500000000000000000000000
45618.589843750000000000000000000000
43731.824218750000000000000000000000
13457.825195312500000000000000000000
14198.809570312500000000000000000000
2352.415527343750000000000000000000
-3183.499755859375000000000000000000
-5132.370605468750000000000000000000
-9487.529296875000000000000000000000
-827.476989746093750000000000000000
23708.398437500000000000000000000000
-716.198059082031250000000000000000
98204.585937500000000000000000000000
-37.892791748046875000000000000000
-30301.923828125000000000000000000000
-57190.019531250000000000000000000000
-23.270366668701171875000000000000
3323.405029296875000000000000000000
18958.558593750000000000000000000000
48045.972656250000000000000000000000
-43873.433593750000000000000000000000
