0.000000
-0.018426
0.023591
-0.237636
-0.309644
-1.077537
3.087147
0.003326
-0.259788
0.528993
0.320452
0.364083
-2.209991
-5.468278
0.168100
12.632686
-4.219994
-13.131317
0.833454
-0.975348
-10.697484
35.266409
2.112635
-3.932398
0.619174
13.115486
0.258223
7.035427
-64.966154
-31.625775
41.906566
25.952634
-12.622062
-0.605914
28.091807
-136.486135
10.384287
-56.163238
-42.778045
3.943167
-37.209277
36.100658
1.108665
11.340460
22.221226
37.620469
-7.330626
-4.198960
25.067543
-0.845962
-4.315699
-3.774717
-15.104120
-34.663295
-2.322682
23.420717
13.760176
-100.900801
-6.926047
32.741300
58.846369
-252.139141
224.413967
-1.078824
56.934127
-61.965936
157.856667
5.163517
-94.408303
-27.415832
47.071700
16.516622
63.799457
-49.912110
-38.260232
10.868012
1067.680780
-26.135532
443.688677
-30.739144
-0.124665
842.097943
-886.935757
0.057179
88.651454
15.249687
-57.999874
958.098012
1.403738
-9.410210
-257.315532
412.208171
-699.469323
181.996865
-62.983315
638.165818
0.107903
-236.445434
209.855500
-1034.505012
-19.447126
23.937621
4.249630
2429.954167
-13.137244
978.378670
-110.264923
-39.102181
-787.023821
-90.645103
-72.078135
-344.877831
-1109.818553
-66.459244
2.293080
4.693622
-34.239448
1605.954880
-287.022831
-470.742634
-237.353094
420.442750
-1106.710583
181.001070
-102.043782
-88.987531
-1310.229797
45.451996
2.519005
171.532559
-22.926245
755.667411
2223.122326
3.669762
370.046333
415.258447
3330.530741
-228.252251
-127.517705
-47.316230
-112.720064
-104.782929
45.488052
-490.909137
66.125829
-2726.562754
606.751515
-33.118454
197.726513
-205.014029
340.068545
-299.260470
-3254.396730
53.520753
3148.660273
-139.365414
85.809359
-929.704965
74.656619
65.477993
-6.319132
96.714131
212.837702
129.306205
3455.573666
125.749263
-30.586954
-260.820250
28.370729
-1910.979829
-50.173154
-1032.688409
6463.838769
677.963366
795.969358
415.751473
-31.891184
315.224821
-5.701059
432.496809
-382.251167
6458.716392
84.534741
-63.933906
-44.785193
101.077615
2319.880208
60.267453
2433.413491
-641.786450
-81.547790
-55.585619
-534.071421
-653.949117
-57.469917
-1501.835330
3.085560
-1576.715900
1079.827978
-1687.130680
-1129.240164
-225.415968
-2510.129196
-420.074661
-3974.579075
-267.794599
20.921673
455.522120
2809.330429
-183.975228
5.266142
55.102322
1427.042099
-4747.811813
636.113466
1530.013990
-545.339105
-10381.963034
-3862.712786
2019.190334
-23.394180
824.989973
-310.383738
-197.565887
2037.051696
-970.500013
11.367976
65.427107
2581.907215
638.243355
63.466249
-46.269491
-1592.715083
-480.928964
-55.634266
-675.525254
-292.816493
181.447203
-1559.830113
143.973646
4638.031353
-11909.571170
1.168479
173.756657
176.511799
-133.617441
91.420888
434.152013
-944.278195
709.591268
-414.402875
330.333517
-54.132985
34.892131
-3661.939291
596.946142
43.632142
-7.506684
4503.945990
84.092662
-750.386874
-4316.389579
2057.676404
-924.989211
-6222.947936
-2319.224517
1940.822143
591.215697
6253.212475
29.644825
-145.520533
2051.759999
-329.878280
5839.421475
6.018310
-906.357833
173.084186
8306.749284
-10108.708639
-312.813208
-34.391853
-677.061777
24.114807
3319.143792
-380.962475
981.855429
-4464.461861
9034.241175
-1959.110126
1472.101343
174.160128
276.450914
-70.965500
-6532.403533
34.193634
-4821.839220
-180.635203
-926.720412
-1636.085530
-557.122686
360.088997
-57.591965
-1198.484295
234.992626
777.154825
9035.560940
-4307.927890
-551.722504
1583.084039
-83.984984
-2118.850241
-27.493801
879.116052
457.225077
4456.924280
-13444.130322
937.512868
25.522915
1715.010985
2506.919518
276.221245
1430.651172
-242.395303
-34.594933
2401.781662
2047.115638
-442.074726
2839.865867
-2967.223985
-4718.886793
0.842111
1040.410583
-225.899136
401.217411
15260.647759
2909.336817
-509.917749
2010.901247
754.653202
10577.762385
4703.100958
245.789927
-98.559472
1390.968080
711.444821
6.752021
-3821.279921
150.805556
855.655149
-3022.703807
10410.997912
-26307.748508
-5.462182
-117.740206
-33.425108
13395.550564
-199.369885
217.199354
14965.756128
137.975064
664.313980
1776.984502
229.778328
7381.813600
-4266.517876
-252.246086
-119.378743
-5871.498651
-105.597028
17793.622674
191.044542
18567.709817
5511.570114
-4616.101662
1933.153433
-8106.843635
3235.055338
15621.924232
3912.035207
-1490.227969
-26.389427
-761.084016
-2935.536932
3753.180071
700.486597
496.658070
-14893.179972
-101.359236
-1608.463073
567.724828
169.356545
1649.311251
25872.804712
-10468.227637
-516.228620
365.336349
-6566.390120
3290.621630
-6653.162243
252.829522
1039.095295
1601.999897
16319.653046
3578.130782
305.124222
-20.440572
3380.519775
-3163.091186
2648.416612
-750.904953
14759.831870
-734.512876
17199.158636
939.533933
-53.965412
498.488691
-7616.807510
-29.496868
411.749405
935.173865
-4929.552325
1378.913385
7311.963142
-18725.852782
-5930.889813
4497.694750
12254.471267
-916.622547
-5402.904572
-692.765115
-31415.858409
-2112.596337
-17.404285
6979.823245
-17.654780
-16414.652073
-92.391371
-197.603101
-260.170876
-14213.791601
411.239740
15566.299780
-1.881725
-1564.590655
5300.359125
-1261.074670
-880.456448
-2928.612841
-10754.580087
-580.397688
-1828.387848
-64733.571322
-733.176727
2372.001468
-3776.779208
1022.780711
-22595.607110
-271.303210
786.053311
11908.025538
19.871360
-2591.860957
-771.983257
1205.563411
344.064434
-411.240282
3478.997465
-651.668453
44.213223
-4122.924230
-199.589704
2318.071605
293.790306
769.094398
1268.138250
6462.060848
-5.551087
-4996.190119
-6144.234794
-22559.946053
35407.564144
-218.438416
-10985.874866
-7756.441955
17.165882
-9018.282193
11829.143788
-15097.170460
13036.299965
91.933990
-37929.694598
1782.945067
141.873663
5528.041759
-41738.759143
-99.172427
38.478388
305.281799
-197.956777
1595.664728
9207.923870
23631.500448
1052.531959
-528.370294
-2053.860015
-540.183573
18661.293107
21900.276514
19112.001413
-2737.637360
-993.010399
-2109.704176
-3092.928894
-17849.017656
21710.868611
23.117892
2352.957788
-2432.435728
229.351933
16216.735023
-774.316582
-5517.539702
-992.353747
444.656299
5552.886859
492.953228
-8805.244250
-15113.749147
-11600.489837
13753.659415
17307.934739
-9707.564828
-16471.605338
17520.620990
-5789.492964
-2641.598877
-12473.916597
-12384.100121
-1381.015699
5200.340366
-4662.728537
1196.660161
-1431.051823
4536.256534
11021.892266
40998.732657
530.490341
-1201.771545
-386.959981
-4684.302838
-9648.204202
731.547904
-271.868052
-1653.166511
5464.711496
172.922945
-5093.738269
1844.784125
12852.674351
428.430393
27.549476
-3048.723354
19541.276212
-12209.040800
-32575.745957
3300.263624
-9168.687894
2897.964452
-5312.605384
-3126.458262
2602.633693
2154.512791
-1070.183846
214.204192
11716.039148
125.982797
26382.825047
1387.514044
5444.245070
-177.298651
-47913.941089
1215.880853
-1689.232854
5316.411482
4577.938749
-11.751612
-10421.287115
-17313.690207
-15212.419393
5918.885356
15346.297860
1243.399443
8203.510737
1291.354051
-170.334613
2129.793636
33067.873905
-19917.469609
-435.538464
-17788.230342
-8405.646067
-159.176094
15481.803255
2757.303084
28333.506977
37556.290623
147.773459
903.021403
3311.680137
45524.659457
1876.445902
-9.207490
-944.571547
2077.711650
380.442603
-149.525079
-2019.438933
-61742.544804
1646.888867
-214.711696
1521.883035
-18416.884194
1370.990068
59144.200567
1202.593379
-6925.301218
-175.639554
22857.690250
-44974.273015
4149.144055
20669.818751
13084.375583
-385.939511
-2889.247284
4470.480751
4239.239652
-5001.131915
26666.355946
7029.122103
-9205.982403
-36765.066665
-451.435388
433.955073
345.052788
23016.459301
-16968.255157
79349.159023
9514.165125
-602.884678
-307.982291
6306.060030
79340.108452
315.809897
10465.696254
-1280.147723
-4352.681547
25727.763028
-2798.168715
8563.577254
-7910.466338
-21152.441152
-9771.381819
-2716.996790
-6187.389891
95882.641223
13532.774850
-15791.679328
-5390.014618
5608.247605
17277.788155
-13587.075323
-10630.724677
-40.651064
37113.661902
15427.566480
184.380823
113.800022
-1504.208609
-1499.939903
-233.448827
-90868.500154
7412.250777
-25541.871132
-44662.324564
-15408.747560
18817.035284
30069.915471
-441.300806
-12958.277733
-3858.119985
8052.275083
824.246224
-3350.332946
-23718.560363
-7062.792055
-11.572306
-9377.813985
8069.428167
-5478.081455
3146.640024
1364.126264
-46536.230135
-14325.321022
16294.453374
-5485.420167
-1079.416589
-2150.742930
2253.429581
4384.528488
8788.401329
-33032.163940
1188.207241
-21825.718507
19092.678882
534.603511
-54659.841404
-13697.787453
-300.497543
61078.120826
-100.363931
6225.158418
29286.851512
-1665.296781
27977.167807
-58123.914541
10295.564029
1264.217427
-853.819784
7463.439414
38077.558676
5768.435253
642.194447
6.068937
-10286.914032
-2030.349750
1913.166311
859.779999
13263.496556
3419.422698
17.867076
-2332.227064
1235.037541
-12962.998942
16826.045239
14839.669044
32583.026303
-3445.410081
165.031067
2722.088513
21262.599753
9921.307515
-2293.542974
-9081.645065
-10761.644666
-5629.517830
-13080.233607
11130.292441
21176.061240
-28031.903013
505.400919
-173.407487
31325.653593
-4655.417650
35774.336673
-1655.939145
32176.033599
4149.515408
-3702.177323
-855.711081
-4011.430598
63603.498275
-49786.480977
75798.782056
-30446.021909
316.438831
-6167.522304
-53416.480498
-2956.273446
1234.590932
103.950001
-126.006983
-2420.015447
-4941.402340
-66926.793709
-8585.643400
-44596.604680
10499.681875
6639.929705
-17931.477332
-4444.007814
1471.428194
931.509206
-15908.248736
2176.850673
-12734.631294
24027.356295
8868.747512
14.170450
21790.749861
-4224.341201
2375.086375
-3534.565128
-5064.567687
6469.987105
-35939.966460
3158.316183
-22.446122
5103.018334
-750.075264
-41052.060358
-1414.450857
-1432.665797
1454.694000
9755.280856
-204136.274761
-236.079800
-30131.367551
370.690093
9249.677089
3728.577974
-11239.284234
2157.860375
-23897.650379
-20266.693045
49.184338
3257.832072
-642.070992
-5387.947296
24851.178720
30528.961662
812.301749
-37433.819906
27502.353473
-30806.262102
-15681.954312
26280.925757
736.604583
41944.411677
1631.515788
-106774.639805
-24733.849485
267.876212
13715.954640
-29805.878062
-70816.804504
2579.187012
-2517.778616
5994.271167
2305.045742
13930.625648
2396.399226
-932.735152
175830.962377
15649.005670
4634.442409
21955.941335
2858.758717
-6.502601
737.640233
-4530.233241
5876.000417
-27880.417300
77014.666080
-3802.691737
22989.312186
-2869.280116
31430.472617
-50.222495
11725.828778
50883.876416
38127.715459
61615.768988
2322.078100
-3067.951894
100885.805349
-12454.890142
-4663.232990
86253.323600
-71957.152197
11224.639136
1383.964977
-52344.962028
16842.228638
-5106.894424
-2324.773651
-436.108401
-1237.415164
13930.955722
21702.524089
-32364.258655
3588.540959
-4840.639321
-29775.523087
16105.801067
-30319.199078
21435.487169
3584.506193
114146.977432
1459.049222
-38198.355994
75306.570673
-120.465661
9757.330523
-9526.170359
26648.131999
2519.001837
-3189.089745
-2302.530321
-58275.703694
126853.935906
339.513109
20769.687483
-84.665520
583.410725
4092.136687
11567.246894
-3159.922075
-16461.047721
13186.588381
-17800.548321
717.800138
613.396409
27341.490419
-429444.597817
42.582697
-1668.868353
-11136.446550
-5150.106759
24702.360971
-65041.389845
29172.632620
66831.796572
23494.724301
-23221.992215
-81103.102688
155.206457
-88240.504011
2906.212823
2180.495060
-2099.830832
53762.743673
-110844.626678
-1034.822748
6024.039249
-47027.207303
-412.964306
1963.154526
15494.352150
-30714.085304
-28.133080
-44.787616
-752.172503
-22759.468143
3903.797021
-5738.898557
76407.160849
107964.791197
-21804.350834
48.341087
468.498123
-5109.110372
119.171887
6.190930
-246.316375
-6776.746658
127941.305404
-12002.485179
-159.791192
47957.825408
1275.031232
11054.963336
-5071.639248
-423.257330
-195562.365151
166948.060565
-707.403197
55801.068704
39594.680871
-40508.591854
-65301.506238
14590.529936
-15492.477342
-128615.080670
95854.148096
86878.471211
1783.632637
-376.918983
3418.635614
5111.199828
3054.710009
8865.210022
32002.243418
-36839.330111
-15997.313181
250.488536
2071.169330
-3923.012733
45178.339946
3515.820260
463.652168
-112479.028074
-10020.236111
52560.687434
99503.265729
23344.049739
-8335.725381
-84485.616725
28378.329555
-7886.707663
-72040.439359
-2452.715645
11114.610274
130.965737
-28681.820465
-26642.306529
11379.347748
26090.048713
9159.569038
-8756.001527
127808.423007
-71884.847638
-16593.327294
-30289.306110
-105098.676654
