-0.018426
0.023591
-0.237636
-0.309644
-1.077538
3.087146
0.003326
-0.259788
0.528995
0.320452
0.364083
-2.209992
-5.468276
0.168099
12.632688
-4.219993
-13.131319
0.833454
-0.975349
-10.697483
35.266413
2.112636
-3.932398
0.619175
13.115485
0.258224
7.035424
-64.966159
-31.625776
41.906568
25.952634
-12.622059
-0.605913
28.091806
-136.486128
10.384284
-56.163248
-42.778047
3.943168
-37.209275
36.100654
1.108668
11.340461
22.221226
37.620469
-7.330625
-4.198961
25.067548
-0.845963
-4.315700
-3.774718
-15.104121
-34.663293
-2.322681
23.420716
13.760172
-100.900806
-6.926049
32.741298
58.846378
-252.139142
224.413960
-1.078822
56.934121
-61.965938
157.856660
5.163514
-94.408301
-27.415830
47.071700
16.516621
63.799459
-49.912108
-38.260240
10.868014
1067.680798
-26.135528
443.688653
-30.739147
-0.124664
842.097957
-886.935770
0.057179
88.651458
15.249692
-57.999874
958.098037
1.403738
-9.410211
-257.315531
412.208175
-699.469309
181.996858
-62.983321
638.165839
0.107902
-236.445443
209.855524
-1034.504995
-19.447141
23.937616
4.249629
2429.954159
-13.137238
978.378677
-110.264930
-39.102181
-787.023822
-90.645096
-72.078135
-344.877838
-1109.818521
-66.459242
2.293081
4.693621
-34.239444
1605.954897
-287.022831
-470.742651
-237.353090
420.442756
-1106.710565
181.001078
-102.043778
-88.987536
-1310.229770
45.452006
2.518995
171.532562
-22.926243
755.667412
2223.122343
3.669766
370.046318
415.258449
3330.530743
-228.252256
-127.517715
-47.316239
-112.720070
-104.782924
45.488057
-490.909132
66.125824
-2726.562714
606.751527
-33.118461
197.726510
-205.014029
340.068536
-299.260482
-3254.396729
53.520750
3148.660281
-139.365438
85.809355
-929.704985
74.656607
65.477991
-6.319141
96.714128
212.837696
129.306189
3455.573687
125.749269
-30.586952
-260.820248
28.370724
-1910.979826
-50.173141
-1032.688436
6463.838842
677.963349
795.969368
415.751503
-31.891186
315.224814
-5.701058
432.496792
-382.251170
6458.716341
84.534735
-63.933900
-44.785199
101.077615
2319.880221
60.267465
2433.413494
-641.786448
-81.547796
-55.585633
-534.071454
-653.949118
-57.469922
-1501.835362
3.085559
-1576.715886
1079.827980
-1687.130655
-1129.240163
-225.415981
-2510.129185
-420.074669
-3974.579129
-267.794620
20.921664
455.522114
2809.330441
-183.975224
5.266136
55.102322
1427.042100
-4747.811824
636.113456
1530.013965
-545.339078
-10381.963105
-3862.712848
2019.190371
-23.394179
824.989966
-310.383707
-197.565844
2037.051697
-970.500015
11.367988
65.427102
2581.907265
638.243332
63.466248
-46.269482
-1592.715073
-480.928948
-55.634267
-675.525299
-292.816495
181.447202
-1559.830103
143.973635
4638.031375
-11909.571185
1.168475
173.756646
176.511809
-133.617444
91.420888
434.151978
-944.278207
709.591244
-414.402880
330.333522
-54.132984
34.892133
-3661.939256
596.946114
43.632147
-7.506688
4503.946010
84.092657
-750.386900
-4316.389588
2057.676417
-924.989218
-6222.947933
-2319.224525
1940.822115
591.215684
6253.212446
29.644830
-145.520547
2051.759966
-329.878271
5839.421448
6.018307
-906.357791
173.084191
8306.749279
-10108.708620
-312.813197
-34.391858
-677.061776
24.114816
3319.143748
-380.962478
981.855427
-4464.461873
9034.241184
-1959.110161
1472.101347
174.160121
276.450893
-70.965493
-6532.403534
34.193638
-4821.839166
-180.635195
-926.720426
-1636.085525
-557.122675
360.088999
-57.591964
-1198.484298
234.992621
777.154812
9035.560986
-4307.927904
-551.722487
1583.084058
-83.984988
-2118.850234
-27.493789
879.116010
457.225059
4456.924298
-13444.130312
937.512870
25.522913
1715.010975
2506.919550
276.221235
1430.651162
-242.395296
-34.594928
2401.781669
2047.115693
-442.074719
2839.865809
-2967.223983
-4718.886777
0.842110
1040.410577
-225.899132
401.217397
15260.647795
2909.336773
-509.917726
2010.901244
754.653246
10577.762465
4703.100923
245.789946
-98.559471
1390.968053
711.444859
6.752025
-3821.279873
150.805549
855.655140
-3022.703794
10410.997922
-26307.748522
-5.462181
-117.740210
-33.425108
13395.550540
-199.369862
217.199374
14965.756244
137.975081
664.313964
1776.984470
229.778333
7381.813645
-4266.517909
-252.246106
-119.378747
-5871.498690
-105.597037
17793.622677
191.044530
18567.709853
5511.570196
-4616.101633
1933.153440
-8106.843589
3235.055332
15621.924149
3912.035229
-1490.227927
-26.389426
-761.084018
-2935.536939
3753.180033
700.486544
496.658078
-14893.179997
-101.359229
-1608.463058
567.724843
169.356546
1649.311263
25872.804672
-10468.227705
-516.228651
365.336353
-6566.390176
3290.621609
-6653.162206
252.829525
1039.095326
1601.999867
16319.653120
3578.130798
305.124230
-20.440563
3380.519708
-3163.091262
2648.416642
-750.904975
14759.831843
-734.512878
17199.158594
939.533889
-53.965370
498.488686
-7616.807559
-29.496906
411.749310
935.173862
-4929.552315
1378.913400
7311.963122
-18725.852723
-5930.889879
4497.694676
12254.471307
-916.622551
-5402.904504
-692.765087
-31415.858394
-2112.596367
-17.404279
6979.823209
-17.654803
-16414.652118
-92.391366
-197.603102
-260.170877
-14213.791565
411.239725
15566.299732
-1.881725
-1564.590635
5300.359093
-1261.074698
-880.456450
-2928.612797
-10754.580117
-580.397702
-1828.387830
-64733.571456
-733.176695
2372.001601
-3776.779198
1022.780734
-22595.607228
-271.303096
786.053327
11908.025531
19.871357
-2591.860965
-771.983245
1205.563432
344.064415
-411.240214
3478.997430
-651.668379
44.213220
-4122.924228
-199.589660
2318.071660
293.790309
769.094380
1268.138261
6462.060808
-5.551087
-4996.190197
-6144.234712
-22559.946106
35407.564178
-218.438419
-10985.874889
-7756.441840
17.165906
-9018.282151
11829.143815
-15097.170517
13036.299862
91.933982
-37929.694519
1782.945024
141.873647
5528.041685
-41738.759120
-99.172421
38.478391
305.281801
-197.956789
1595.664785
9207.923869
23631.500407
1052.532048
-528.370331
-2053.860008
-540.183563
18661.293071
21900.276509
19112.001419
-2737.637296
-993.010409
-2109.704191
-3092.928935
-17849.017692
21710.868621
23.117892
2352.957752
-2432.435707
229.351960
16216.734920
-774.316592
-5517.539699
-992.353771
444.656319
5552.886792
492.953249
-8805.244175
-15113.749074
-11600.489706
13753.659431
17307.934699
-9707.564795
-16471.605354
17520.620896
-5789.492907
-2641.599014
-12473.916652
-12384.100138
-1381.015685
5200.340308
-4662.728468
1196.660179
-1431.051774
4536.256608
11021.892183
40998.732574
530.490329
-1201.771542
-386.959953
-4684.302849
-9648.204157
731.547822
-271.868057
-1653.166548
5464.711480
172.922990
-5093.738311
1844.784092
12852.674332
428.430397
27.549495
-3048.723331
19541.276332
-12209.040764
-32575.745931
3300.263639
-9168.687971
2897.964398
-5312.605330
-3126.458318
2602.633737
2154.512812
-1070.183852
214.204180
11716.039250
125.982806
26382.824942
1387.513959
5444.245118
-177.298651
-47913.941197
1215.880913
-1689.232837
5316.411493
4577.938748
-11.751513
-10421.287018
-17313.690077
-15212.419449
5918.885358
15346.297876
1243.399310
8203.510750
1291.354015
-170.334603
2129.793650
33067.874067
-19917.469665
-435.538441
-17788.230371
-8405.646069
-159.176102
15481.803198
2757.303086
28333.507035
37556.290472
147.773353
903.021426
3311.680115
45524.659360
1876.445855
-9.207503
-944.571553
2077.711674
380.442616
-149.525077
-2019.438911
-61742.544792
1646.888848
-214.711695
1521.883008
-18416.884279
1370.990095
59144.200714
1202.593393
-6925.301151
-175.639560
22857.690264
-44974.273073
4149.144117
20669.818731
13084.375528
-385.939550
-2889.247254
4470.480754
4239.239603
-5001.131961
26666.355951
7029.122127
-9205.982289
-36765.066734
-451.435414
433.955060
345.052824
23016.459224
-16968.255068
79349.158853
9514.165198
-602.884677
-307.982278
6306.060070
79340.108591
315.809914
10465.696191
-1280.147720
-4352.681518
25727.762937
-2798.168725
8563.577244
-7910.466307
-21152.441141
-9771.381821
-2716.996837
-6187.389839
95882.641110
13532.774862
-15791.679371
-5390.014591
5608.247661
17277.788170
-13587.075536
-10630.724671
-40.651163
37113.661890
15427.566554
184.380806
113.799984
-1504.208589
-1499.939926
-233.448835
-90868.500207
7412.250855
-25541.871019
-44662.324431
-15408.747658
18817.035266
30069.915385
-441.300854
-12958.277790
-3858.119970
8052.275148
824.246255
-3350.332872
-23718.560372
-7062.792011
-11.572308
-9377.814020
8069.428112
-5478.081489
3146.640065
1364.126326
-46536.230140
-14325.321053
16294.453289
-5485.420140
-1079.416604
-2150.742936
2253.429535
4384.528464
8788.401315
-33032.163975
1188.207327
-21825.718347
19092.678766
534.603517
-54659.841454
-13697.787286
-300.497541
61078.120884
-100.363909
6225.158464
29286.851533
-1665.296748
27977.167757
-58123.914458
10295.563975
1264.217462
-853.819754
7463.439473
38077.558556
5768.435377
642.194472
6.068929
-10286.914050
-2030.349704
1913.166357
859.780000
13263.496436
3419.422700
17.867080
-2332.227050
1235.037602
-12962.998892
16826.045323
14839.669122
32583.026282
-3445.410051
165.031002
2722.088555
21262.599671
9921.307575
-2293.542947
-9081.644999
-10761.644675
-5629.517830
-13080.233630
11130.292459
21176.061156
-28031.903114
505.400912
-173.407498
31325.653524
-4655.417692
35774.336732
-1655.939125
32176.033643
4149.515421
-3702.177371
-855.711049
-4011.430623
63603.498320
-49786.481053
75798.782114
-30446.022077
316.438807
-6167.522299
-53416.480309
-2956.273583
1234.591029
103.949999
-126.006967
-2420.015403
-4941.402329
-66926.793902
-8585.643450
-44596.604753
10499.681823
6639.929734
-17931.477263
-4444.007871
1471.428143
931.509164
-15908.248717
2176.850657
-12734.631229
24027.356440
8868.747501
14.170396
21790.749683
-4224.341189
2375.086281
-3534.565120
-5064.567747
6469.987137
-35939.966614
3158.316188
-22.446122
5103.018347
-750.075163
-41052.060403
-1414.450911
-1432.665805
1454.694001
9755.280918
-204136.274945
-236.079790
-30131.367584
370.690078
9249.677097
3728.577964
-11239.284409
2157.860362
-23897.650310
-20266.693019
49.184333
3257.832048
-642.071045
-5387.947318
24851.178771
30528.961630
812.301766
-37433.819942
27502.353457
-30806.262046
-15681.954354
26280.925804
736.604671
41944.411470
1631.515777
-106774.639703
-24733.849520
267.876208
13715.954597
-29805.877869
-70816.804435
2579.186948
-2517.778576
5994.271164
2305.045708
13930.625662
2396.399224
-932.735133
175830.962121
15649.005510
4634.442353
21955.941411
2858.758770
-6.502603
737.640216
-4530.233238
5876.000476
-27880.417317
77014.666232
-3802.691736
22989.312256
-2869.280123
31430.472631
-50.222492
11725.828760
50883.876452
38127.715606
61615.768854
2322.078059
-3067.951944
100885.805329
-12454.890086
-4663.232956
86253.323601
-71957.151965
11224.639197
1383.964983
-52344.962061
16842.228646
-5106.894445
-2324.773587
-436.108411
-1237.415082
13930.955713
21702.524078
-32364.258687
3588.540883
-4840.639377
-29775.523030
16105.801098
-30319.199050
21435.487103
3584.506185
114146.977455
1459.049218
-38198.356031
75306.570564
-120.465655
9757.330551
-9526.170358
26648.131858
2519.001809
-3189.089773
-2302.530362
-58275.703648
126853.935837
339.513136
20769.687501
-84.665447
583.410693
4092.136760
11567.246947
-3159.922085
-16461.047848
13186.588287
-17800.548427
717.800122
613.396401
27341.490288
-429444.597751
42.582688
-1668.868144
-11136.446492
-5150.106628
24702.360998
-65041.389774
29172.632509
66831.796345
23494.724361
-23221.992297
-81103.102851
155.206455
-88240.504074
2906.212752
2180.495041
-2099.830877
53762.743609
-110844.626736
-1034.822789
6024.039208
-47027.207227
-412.964301
1963.154511
15494.352038
-30714.085431
-28.133067
-44.787627
-752.172517
-22759.468274
3903.797013
-5738.898573
76407.160920
107964.791392
-21804.350828
48.341086
468.498085
-5109.110450
119.171984
6.190933
-246.316443
-6776.746694
127941.305422
-12002.485083
-159.791200
47957.825207
1275.031137
11054.963320
-5071.639276
-423.257341
-195562.365234
166948.060288
-707.403186
55801.068670
39594.680803
-40508.591943
-65301.506074
14590.530010
-15492.477358
-128615.080640
95854.148149
86878.470971
1783.632648
-376.918974
3418.635566
5111.199796
3054.709909
8865.210016
32002.243518
-36839.330204
-15997.313326
250.488561
2071.169458
-3923.012696
45178.339733
3515.820301
463.652173
-112479.028285
-10020.236179
52560.687545
99503.265886
23344.049921
-8335.725453
-84485.616529
28378.329511
-7886.707675
-72040.439203
-2452.715575
11114.610405
130.965711
-28681.820522
-26642.306424
11379.347874
26090.048692
9159.568944
-8756.001545
127808.422982
-71884.847660
-16593.327231
-30289.306150
-105098.676427
0.000000
