0.000000
-0.173796
0.163597
-0.324664
0.222889
1.419650
1.245442
-0.379165
-1.180888
-0.132172
1.267702
-0.486851
-0.570380
-2.753907
4.670831
-3.441611
2.031431
-1.663802
-1.153592
-0.099262
2.126819
4.783015
-0.386627
0.641728
0.129117
3.087461
0.547692
1.285780
12.847439
-9.378075
-8.396417
1.604274
6.104266
0.066050
-1.565564
-22.642690
-0.901954
26.215451
-9.064340
0.642178
-5.519967
-10.568005
-0.075139
-2.130339
4.807374
6.817051
-2.398064
1.210325
1.925141
-0.082963
-1.544377
6.419948
-14.619612
5.856766
1.189060
4.538559
-0.765618
5.631884
-6.859627
-7.522896
27.859056
22.283770
16.911701
-7.247126
-12.289129
3.570930
-15.135482
0.777977
4.719327
1.422904
-4.308889
15.624405
-6.489105
-7.316043
-2.278881
-1.168810
43.757668
16.674053
50.815049
-2.979193
-2.720147
-38.845355
33.992161
-1.034154
-3.602649
1.076550
6.771239
51.336594
0.870367
-2.617889
-15.698733
-10.691134
24.302848
-13.706554
2.681550
41.058496
-0.024129
-20.662846
3.950593
-47.503166
0.490888
2.440859
6.159543
-31.995504
0.709624
33.171704
-18.850881
11.247623
17.462896
-5.049551
-5.312130
-16.459165
-55.433616
4.515469
-0.832879
-6.275482
3.155664
-47.782316
32.285103
-13.084273
10.433966
-31.108725
-19.319899
18.320229
-13.418384
-7.113385
-21.191687
2.619537
-51.498453
14.276045
-13.428952
-82.624167
31.332421
-0.106760
27.230576
18.953635
68.987109
-10.768195
5.799967
23.770184
-4.756322
-11.075027
18.521686
11.076033
8.187460
-37.140221
55.068127
-1.729156
22.595593
-35.057796
-21.589501
-9.135065
50.753089
1.786205
-70.195503
66.202959
6.567940
-15.389348
-3.093330
-7.861563
-54.548240
-20.169341
36.938535
-1.542775
-32.614906
4.698693
-10.507853
63.987021
2.095642
-77.664648
40.659672
15.046005
52.604017
-57.776163
-9.833351
-89.567315
6.568315
-7.831615
-2.578908
-9.962539
-23.663707
-96.916549
4.113835
5.052696
-8.433727
-10.139903
-28.781340
35.188057
29.352884
-33.207612
11.030511
-37.094901
-7.744342
68.881827
2.737355
-22.945106
0.152828
30.734296
-41.989208
-44.502982
-29.136201
4.043656
-61.577767
28.237567
-112.834042
-4.967880
0.786815
8.537409
48.935616
-14.683357
-42.503117
7.921554
15.297595
-133.880746
50.777723
71.064393
-68.174330
90.134482
-122.814065
24.422903
2.810848
-8.082524
-77.616398
1.083314
78.828087
12.241234
-32.106974
80.586066
31.383820
8.616568
-1.882271
-15.874913
28.335327
-21.506819
-2.053733
-91.583264
17.457019
4.019174
53.430323
14.251759
44.847289
95.179529
-0.135089
9.541088
-31.331974
3.288517
-45.817772
-4.998094
-19.218520
-9.414982
-9.837767
29.328630
-14.872745
2.132720
-69.748798
9.008890
2.432997
12.330403
49.757300
-2.356712
117.118921
161.362150
12.757835
-29.007450
-147.375257
-57.918254
42.956432
-89.174955
-39.116551
32.011989
-27.829592
26.656956
-35.489282
-67.803086
10.344626
6.057091
-16.156884
79.370085
-111.694128
69.072761
10.242363
18.863068
-0.936270
-88.458873
51.174686
67.408190
-68.877629
-80.209166
-180.373864
52.494763
8.162321
-7.115250
1.721641
-105.450933
-13.537440
113.999172
4.285350
-120.074791
72.931262
-40.827518
4.853347
2.107729
59.358143
-13.527762
-37.391887
-134.083534
64.084942
-10.868021
-39.344840
8.281920
-97.726557
-27.075393
-6.277107
14.128310
119.239045
-89.319126
106.993571
-7.255257
-29.595841
40.598969
3.344477
-17.122014
13.137824
-3.386838
-42.724210
-189.338828
-10.267046
17.134274
-69.195553
-67.643045
0.473896
-10.855912
46.353887
-10.975359
89.471094
-105.767711
-13.528242
16.869148
96.514068
89.000962
73.016260
48.697303
-14.154842
-14.049761
-8.637075
-0.326130
106.415842
15.042973
47.848550
-90.732620
-158.648961
-140.561246
-5.417084
-3.139141
-8.426308
-183.290403
90.845111
-48.283416
-67.280358
1.692100
-17.205584
25.029598
8.609789
-68.771800
59.208578
-90.549341
-3.402266
-156.649639
-6.925791
286.852445
-12.129086
-190.607583
203.073300
45.031339
30.257243
-68.839479
-51.321650
-91.193342
-201.216600
5.021169
-9.429850
-18.694045
35.962343
-127.157139
3.838223
-20.898289
221.932323
-9.613586
-28.540116
61.110150
9.241349
-51.825341
-170.556861
-103.565324
-161.341621
11.125503
-31.950218
19.866137
-29.591440
17.977494
-12.911934
-18.822336
133.439416
24.196239
-4.290832
1.020565
-12.695214
23.692823
-48.298741
-22.522817
103.603149
-79.394927
92.679713
5.194759
-87.906086
-32.413507
76.235483
-0.296558
214.025050
40.996994
-67.239432
-49.578456
82.282690
84.127249
82.708314
20.163747
-166.264884
-46.224209
-36.604959
13.826029
-163.614668
27.101372
11.335427
-127.577759
0.293838
89.606460
-3.318194
-13.329658
-3.426806
122.178188
-10.635570
-283.867254
-2.401771
-82.762522
-126.214322
63.735897
-19.881594
16.995107
-58.168979
-5.210156
117.121102
-294.332846
3.753717
8.767954
-70.090423
97.050985
179.915835
1.170370
-101.725453
-161.549418
-2.222250
-75.142006
-32.588635
-65.677381
6.197985
165.902474
-45.761687
-165.088964
-2.712335
-107.512846
1.909033
154.124082
19.027155
-38.050179
29.724894
116.753327
1.098932
29.241323
187.107669
182.683150
167.227413
-19.814103
-163.638209
-27.196908
-72.096272
139.942623
64.046519
125.746530
-215.078303
3.085078
158.548188
-257.300833
3.389468
-33.447192
187.953329
3.594810
-3.694985
18.261432
-3.873674
146.628992
-65.035800
-252.880768
245.672915
93.213985
27.199986
-12.535790
-77.769022
-207.857934
119.262808
21.274337
16.004709
-27.845390
21.544919
98.942429
-231.754396
4.007832
-31.273680
44.181783
74.254310
48.944757
8.997603
116.441153
-12.200108
-5.220590
49.393107
139.550353
-110.336565
63.864796
50.193592
80.364097
113.894340
-111.059925
-113.308275
-229.777583
182.044916
-306.393557
-59.122538
155.424227
18.419206
39.702301
129.219416
7.817124
-163.746580
27.540831
93.621846
-298.121961
-38.107813
-30.919246
3.016849
-97.026941
-107.320544
4.317886
7.033214
-17.127867
-36.022017
1.477036
-48.919371
-31.901670
-49.039529
19.505012
-0.675682
-47.325032
-105.604702
-81.459333
-151.904971
54.782091
196.470347
151.772982
-30.103469
80.383220
42.157793
88.183834
-145.418198
-12.960012
-235.339934
-24.605911
-245.452664
5.864105
139.020743
17.451632
-264.567418
-6.440215
-87.151247
70.427407
145.749709
-0.043398
38.211290
-78.168276
-291.833696
-272.894997
106.601705
-271.950325
-71.672139
-12.648871
35.854791
-46.100191
-322.970447
95.637860
-7.342117
-85.189930
46.150756
-16.163074
-189.975449
-25.976296
-203.928108
454.351905
275.501749
-48.442398
13.053999
206.299711
-110.913733
-0.241535
-50.205180
-31.142237
-9.454232
2.540952
16.792747
247.340320
-57.808551
31.854723
104.364722
311.061565
76.064452
-302.278471
71.173367
-51.427605
-95.149735
275.845827
-172.102461
-18.584050
-227.279993
-273.277967
-4.820352
-33.726853
-63.768743
30.264689
-33.486272
119.428352
-177.270430
-37.840334
-99.534389
-5.685235
50.621550
-4.611316
-237.904270
325.746225
-370.732205
136.860829
-32.397421
1.387561
-44.252596
415.660528
6.996166
-122.950565
49.081476
19.478582
192.891591
90.651387
-343.688328
-161.745510
222.401158
-130.053213
-23.072299
258.703520
-210.687524
-144.446955
83.642195
71.411756
-138.684603
-102.050119
435.619866
59.478190
403.309352
192.713946
-257.624686
-218.565551
-0.819034
89.374017
64.265106
-24.972397
267.744203
-128.781640
-132.271301
502.180915
-244.053804
207.148836
-130.875765
117.830139
-24.997470
-31.982365
-261.118728
-139.076604
-18.426885
-139.463787
-236.929632
5.803044
-166.628693
36.841302
137.754980
91.642099
9.829884
211.541920
-164.819795
-55.588135
-52.678086
148.602540
-13.506986
-128.634372
-47.048667
100.765360
165.202032
177.968622
-55.617123
136.456014
-9.551467
241.888450
312.254518
-15.724826
193.549471
-1.047853
32.460310
-214.503028
-15.421334
-276.756285
253.318316
-75.617361
-14.409518
3.078180
-97.350231
-112.419087
-278.972739
13.028114
24.074548
-420.878620
309.933616
12.146587
29.825218
-34.780280
56.670265
-1.057612
86.474446
-9.288580
127.577803
60.974155
-121.959961
199.863712
-133.884571
-136.259980
-20.910771
-318.367751
152.777629
363.110924
109.329997
-228.102689
76.531868
203.712298
-242.158786
277.186085
230.457553
340.070983
-6.745162
-67.777746
-86.444087
309.291887
30.619619
338.882261
-96.486404
-30.527477
59.706954
-73.645419
-152.515468
-195.267124
-179.957450
110.380867
4.076207
94.000224
-106.091904
312.040238
3.719772
6.566831
43.141857
-27.969802
-31.392300
275.798374
132.489652
309.336055
62.612355
104.489708
282.718208
31.316542
-138.863115
-3.545626
180.776515
-92.999147
-242.209261
284.147199
-56.747631
-245.162554
-355.170794
-64.394001
284.955175
-66.302087
25.304119
112.445727
-219.224171
-52.786046
18.486392
56.506763
305.472485
-193.936326
-115.314314
23.850569
-14.924453
-119.100509
442.374785
-4.191228
284.147102
137.088360
63.049730
-36.478209
29.882112
-38.621495
167.332319
67.224079
-11.272710
41.996479
-5.241422
-158.583144
-177.246691
-163.910263
-210.744978
-141.534139
185.145658
-232.818080
152.936865
118.981682
366.598751
-136.692983
10.422166
-337.718445
189.214547
7.339450
-29.293325
-62.417926
-462.288054
-223.758415
-36.347614
94.998028
-27.675086
237.862256
48.113856
-65.061727
-328.935462
-465.213038
89.851603
-48.393573
-20.309060
2.121583
-120.033368
42.198681
-16.600468
493.075293
138.006535
-43.438634
-156.865473
109.583136
-355.064028
-1.299598
59.739725
-206.065826
-388.135230
112.894173
-17.513929
28.825355
473.832470
-380.175212
-58.788622
-266.742710
-425.440957
-30.122435
-46.092700
-134.165835
69.077769
-27.932276
-14.625641
12.578519
-248.468991
-89.795458
273.187003
-155.093527
-17.694425
18.914180
-390.913749
153.388988
-159.609683
93.710344
38.288468
269.343409
-11.371177
255.815083
258.356679
-10.166005
208.826644
263.640746
-54.235922
-77.965499
70.640086
-159.507967
-178.593984
-346.388608
-92.714616
-234.765438
213.070950
-5.397595
13.050398
107.489676
-62.569342
72.997094
25.604349
-213.506141
54.519271
-11.847487
93.009018
-581.427738
27.624064
-490.779626
60.838067
-356.909177
229.266500
-215.964826
-378.008902
400.649215
362.013038
55.541394
357.465034
-10.565961
178.488208
273.854067
57.908921
120.990408
-264.657583
-223.199023
271.891054
-51.108481
-211.316151
-54.340597
-24.401245
-31.366467
40.986867
-28.378513
32.363411
-98.048643
-387.074088
33.335382
-121.704795
-192.531100
351.587868
144.954704
-4.830801
-91.601682
189.169387
-0.567153
0.775536
-205.877217
-173.349107
-352.917490
-186.856933
24.600016
-552.678819
5.344326
-87.255978
67.792092
-30.687907
494.338243
464.990422
38.067771
238.617196
88.277169
399.490937
-460.118092
-82.304586
167.426285
369.506679
-259.541635
421.405771
106.922554
-14.327768
14.853053
49.351889
16.280327
-64.320124
-107.603534
-91.416173
-41.146123
-68.447053
291.490915
-163.541778
-96.795459
-34.121003
-47.845475
-501.803169
182.115905
-152.248175
492.841401
398.976008
-524.385117
248.736569
-246.981019
173.889895
569.235372
-16.540231
28.121547
-142.783471
-172.042380
-505.626226
-50.763867
192.165781
169.620554
228.796960
-552.707532
189.921531
302.139130
-152.058339
-164.102483
