0.000000
0.106023
0.144201
0.731944
-1.389229
-0.759017
2.478755
-0.008772
0.219994
-4.002324
0.252782
-0.747832
3.874596
1.985643
0.035989
-3.670574
-2.077350
7.892357
-0.722486
9.826002
-5.029804
7.373260
-5.464274
-6.127827
4.795454
4.247984
0.471476
5.471717
-5.056740
3.372310
-4.991006
16.177183
-2.067744
-9.173553
-17.943569
6.027823
-11.513097
-2.142372
4.719378
6.140304
6.740851
-3.416033
-14.754899
-5.323313
4.622321
5.518584
3.056893
-3.469284
13.021149
10.196874
2.794460
-0.587967
1.033141
-5.918504
-1.953376
5.160386
-17.972634
-17.915995
1.009683
-4.352220
2.112289
-11.314923
13.269745
0.148862
-4.632885
-17.352885
-10.429576
6.637104
-20.004611
-19.267519
-10.924324
1.057104
-9.831781
6.822282
16.789047
-9.298358
24.399856
-1.567437
8.731442
10.317944
0.045830
-21.678215
-26.092362
-0.055291
-24.607298
14.165336
-8.565622
18.663062
1.612812
3.594580
16.390847
-38.556076
-28.781372
-13.278090
-23.487655
15.542845
-4.471864
11.443024
53.120006
21.777601
-39.616248
9.807046
0.689926
-75.946738
-18.512956
29.494375
5.849325
-3.476484
-45.068345
17.951120
13.568594
20.953544
20.020677
-14.718126
-2.753198
-0.747930
-10.850155
-33.609817
-8.890256
35.977746
-22.748118
-13.515268
57.283455
9.879848
7.604774
12.509872
61.827535
17.351160
-0.048914
12.015412
1.707225
-9.145840
70.952779
-34.373979
13.589368
21.909172
48.277581
21.196891
-21.985938
-1.990571
23.698999
9.461189
2.455935
-44.321747
8.076476
73.412668
11.018198
19.152963
8.750667
5.847887
-15.751570
32.759535
-64.122141
29.963386
-44.855584
-2.105124
13.064881
60.412240
-24.134705
-8.328877
0.115845
-4.795106
5.761942
-83.814029
-105.950748
26.762606
2.910866
-4.076143
13.537963
24.605530
-1.233978
-68.635391
122.877286
-11.734309
-80.945892
-4.641777
-4.855307
-40.250295
2.210648
-43.412306
16.153478
-66.642038
20.548888
-12.653423
5.310250
-9.968302
-80.603621
1.712725
82.902024
19.326486
-7.392930
1.498471
68.962793
-9.493783
-20.994691
65.453407
20.189751
-51.301513
-25.716798
37.910508
38.757289
-55.745588
40.763563
-14.876447
35.225000
53.905211
26.590322
53.356014
57.408707
12.529507
-0.123900
6.955999
93.285389
35.462992
12.527412
21.529966
7.999185
-115.183034
31.451714
82.676100
-8.322819
-102.070834
3.998945
-182.371726
25.841699
-79.281224
-0.354066
0.811891
82.268738
74.071641
-33.717912
2.914629
-56.209518
22.361696
27.089338
7.376078
-16.773568
45.145396
-29.193724
10.102166
103.418322
-125.127444
-8.649669
18.211408
-5.633600
-40.631520
-1.995315
-86.863508
49.133763
-75.368306
42.123673
11.263176
3.639744
16.360391
52.501826
66.261894
17.933498
-0.608795
90.518296
-35.682195
-6.407051
-26.749703
161.287273
31.887988
42.225188
40.043067
45.181176
-6.629840
-159.861038
0.926054
5.228986
76.969027
9.295152
-86.123240
0.581781
-149.635822
-10.712721
104.658440
90.503492
-4.528749
-3.357805
-35.893513
-25.756263
-37.521886
-7.444354
14.565818
64.817299
-112.633526
10.861386
28.042823
21.337083
-38.853293
-41.219681
61.947328
-2.525857
-42.297142
-42.151795
7.717860
-22.433254
13.645764
74.193953
-27.324179
-20.190731
-17.371138
-20.784049
-67.387551
-67.222155
50.765681
-40.236129
-10.140763
21.681417
1.015453
-140.051143
32.362332
37.378061
150.517934
8.762329
-3.517851
-57.947702
61.748355
82.590263
-83.556243
-18.450186
10.214521
-56.215941
-10.811917
43.057635
165.741823
42.881715
69.761596
1.776993
-95.838155
-4.873359
-36.556198
170.565119
-27.506852
37.692830
119.205857
7.819101
118.849979
64.411693
5.047301
6.962951
-99.002969
-82.371041
-20.703476
-35.908938
10.024983
17.882572
33.314411
-65.622856
187.162175
1.008325
37.507143
3.966756
-73.083753
-2.194613
-4.498426
-222.438713
81.540737
-38.610370
70.995326
26.688033
-107.337799
-72.059118
2.785731
35.088011
37.481725
15.246928
62.030577
-15.750942
-97.413280
27.140792
-102.508647
63.890601
117.764453
-63.034905
-171.305534
-19.441911
-296.789040
2.798499
40.712645
-81.628078
-29.516078
182.502826
-23.765490
-67.106854
10.543332
56.357972
9.290189
18.325955
-31.824417
-151.696065
101.078501
3.199600
32.837738
205.519417
165.639732
224.834013
14.063669
-80.475576
-85.111639
122.300094
147.879627
-71.110738
-20.028673
-266.283003
-133.504195
-54.834072
33.339745
142.465089
9.251383
185.576304
180.861882
0.613898
-15.379042
-99.911580
99.464207
1.923837
22.810791
73.313414
-27.812754
88.863929
-222.589624
-71.708509
223.058476
-73.704507
19.829924
147.600343
-50.105861
192.011259
-77.951639
-1.535388
-54.710345
-60.083459
-183.186035
27.843871
14.824319
75.922266
-116.336572
-38.666449
-54.836546
0.783474
18.904579
-41.994910
-19.785941
44.285003
-172.320939
184.885145
111.397375
-15.611088
219.933223
-195.320184
270.530799
53.884383
10.538592
-125.589875
-231.809681
-7.727204
-73.711349
-8.941999
34.492837
23.688726
-18.355839
55.512302
-2.478807
-76.024239
3.947377
-16.300796
38.348201
-104.550136
15.040295
15.440580
-20.212635
42.662499
55.347980
-5.051347
-170.860607
-32.837963
-123.492211
211.733014
11.024391
67.135145
285.195723
-0.238097
-64.442712
184.696124
-120.060335
-60.611878
29.799565
-239.231334
-6.929418
41.857202
-165.276705
-222.069805
-27.587667
-10.413680
16.717298
51.103110
10.882328
-141.582388
-93.449180
4.284282
-5.668359
-75.509598
43.091306
-239.957924
-105.361754
160.251144
-128.682614
-62.044890
75.764936
-143.557232
-180.398014
-93.680504
5.768179
-75.237636
-55.055173
3.088736
331.327315
-86.058097
-47.384791
81.339753
-85.173576
112.422302
3.532440
79.803501
-236.652272
-231.114954
171.141840
151.964836
87.408350
145.369836
-76.250349
-31.802552
8.621588
210.984120
-79.679342
-74.976939
130.983348
-36.083807
153.081898
8.739430
164.710230
117.727781
-137.523356
-13.920776
38.868074
-128.266265
48.278373
89.900813
169.422681
-38.654882
96.519114
-151.704761
117.074323
104.125180
-57.827195
-262.088046
21.965144
-40.772871
64.420946
-185.041726
149.878968
214.448189
60.243477
-46.667032
19.094073
176.478177
-38.894415
61.735531
24.432061
7.359353
-16.528085
-49.783473
-5.120022
-107.486407
236.611377
39.161387
-10.159431
181.102955
-188.795081
19.382773
75.487821
31.409591
270.784677
-272.727956
221.492541
52.127015
-21.689241
143.959216
-4.572156
-114.458852
-102.092433
-4.750679
-46.199237
-102.386687
-208.259257
59.320553
208.806726
-182.134526
9.848133
-81.493705
-106.146892
-138.938704
82.659036
0.536379
-18.641138
253.690851
220.672434
-16.918066
38.120780
18.814225
-66.716841
-40.240457
-58.846085
-120.256615
-249.625879
-28.488672
-6.740341
14.582351
-59.206557
18.024058
-195.661307
16.896677
134.661164
1.845928
82.864006
261.322661
-223.263719
-90.944295
-47.879365
80.064599
85.666079
-70.104577
140.072135
149.348723
223.283295
-39.651972
243.284911
369.370497
79.404882
8.572536
-74.827408
-96.746726
-52.090412
-214.033628
69.517080
18.609033
-221.959451
-142.501472
190.877178
45.140426
-85.121172
-26.082095
-223.459876
133.379391
-30.867357
-24.916695
48.906868
-95.109402
75.133721
117.760126
-23.916914
-455.094062
-93.686813
-188.800394
-75.477973
-40.438863
-169.306889
-31.190211
-178.733157
-0.100794
192.584204
-59.883883
-0.843595
-138.944151
-16.830491
-23.339881
9.348275
-339.385500
-57.556736
193.102138
-88.936722
63.136683
90.838238
-229.759233
-3.745229
518.383572
120.632729
-30.837601
-5.926563
181.817647
170.069671
29.809661
-1.994179
56.279707
219.032110
-39.766849
34.336185
138.773390
-219.985855
86.915052
-293.128260
104.130969
-7.263783
159.231892
-17.518098
-93.191343
87.216493
-199.950107
6.676499
392.428036
139.918192
-55.970828
-225.971275
-43.867379
19.109753
315.568524
95.780524
191.777542
-136.533511
107.986556
-101.089548
-229.450106
-136.153442
-87.734889
-277.378111
-76.665863
-338.710797
-20.677416
49.292973
0.252089
24.441522
-6.550918
157.506496
28.827283
-381.351054
60.338922
-16.893795
-26.970130
-132.963015
-101.608576
275.953727
-121.676565
163.026224
25.734183
-1.211148
-130.176384
-66.786286
64.939531
-6.316370
-83.066361
47.178947
-73.557826
-64.209347
-45.962786
76.396552
-121.635862
1.486163
25.708426
-462.181990
53.854669
115.665293
-54.080984
94.947530
-43.006219
121.273611
-14.331849
54.469520
-417.029821
254.966018
-421.203913
-275.826988
77.630701
-65.611783
503.492522
-9.474014
331.899651
15.829553
-2.920759
86.522436
157.408101
-242.665658
-64.802370
-144.168790
167.693450
63.546256
-63.425265
-141.906085
-10.596249
-262.720649
-87.999532
-23.407211
52.576979
84.559540
-156.284013
-0.057800
-61.352876
65.601471
8.334947
53.310013
-200.147958
57.538755
163.941624
-59.832407
-1.214197
90.308099
-2.455459
211.678035
12.266048
-60.068412
-97.470507
-81.907970
-461.455494
56.327117
-106.041439
2.704023
146.704468
-102.213844
-376.120818
-55.872005
-142.815509
-301.479668
-4.363133
77.573933
122.499399
33.975536
-140.206729
-186.254119
-3.854430
264.486153
148.544415
132.319028
-102.538746
220.882117
2.009294
-306.851241
156.542870
316.164667
-130.718541
36.498131
-468.227987
477.521119
153.187615
-11.526659
69.269432
63.098901
-83.289559
58.565936
49.806842
14.336157
-534.545473
-33.638364
51.578850
-453.695399
-140.762732
-3.064977
-6.145293
-107.354854
-353.965953
-56.543935
558.050865
87.541697
-146.554317
-26.183592
-88.520577
38.644636
196.281934
-246.930204
-98.233071
545.783429
-132.584645
-106.432408
212.914504
32.760921
79.322032
-323.357754
169.135460
-372.633859
-30.025687
390.151204
243.815469
182.831304
158.951911
-34.670887
4.980159
-155.140984
79.442008
208.675754
-202.806301
-255.926473
76.169035
104.999722
189.958394
228.741953
93.618428
423.797181
-128.311187
-149.320187
291.482964
11.849852
46.724548
-36.133149
-491.337307
-32.309186
-45.145610
14.435206
326.302725
-366.218556
-3.661916
-88.469954
-0.397358
-108.087156
313.564135
107.612632
50.502722
-225.502783
515.013613
83.372536
13.165989
-51.774389
293.966014
738.603561
1.541507
3.400443
-183.050630
14.429740
107.745183
301.166588
-77.174459
166.808754
64.900216
-418.102439
-226.884017
-14.689289
-494.377220
10.612268
37.653871
-17.355350
-203.140764
496.617885
-3.806020
-117.867702
222.544311
7.599554
-80.453047
-493.978236
-749.364069
0.991351
-1.383897
7.671422
58.798739
117.106713
47.154252
-396.856201
307.077693
-150.421823
-10.006847
-5.114514
-27.008125
-210.123166
7.982780
1.196424
39.093058
-362.524695
64.233555
-6.495573
-86.773409
238.576602
-126.695770
-74.811665
13.792317
-395.604362
359.035482
-18.582732
233.851833
448.526853
-101.400528
141.923361
-177.274812
-92.533125
-348.072411
-369.320892
206.163458
16.681538
26.306887
230.163830
103.566447
187.631975
-137.829492
-297.408852
402.984822
388.792726
-3.659596
7.105434
23.987832
-466.740281
-103.039770
-9.690617
224.149697
-55.021203
-345.230329
201.897133
58.509909
15.896190
-339.659009
-114.900852
-45.354606
-126.556505
148.287867
395.234672
-0.917233
166.713693
52.691702
-224.162353
135.768442
54.000348
-38.269746
-231.240603
-378.497621
-54.919491
199.195298
640.445376
