0.000000000000000000000000000000
-0.018426373307999999867634599582
0.023590850996999996463943105596
-0.237635866815999990953045539754
-0.309643862580999962297312322335
-1.077538484049999967240296427917
3.087145584709999557304627160192
0.003326035379999999538197519300
-0.259788274671999941389799460012
0.528995167727999926476911696227
0.320452246963999987094950938626
0.364082757031999992847204339341
-2.209992066479999905936892901082
-5.468276157200999243457317788852
0.168098536858999975107664681673
12.632687854713998021338738908526
-4.219993187849999216609830909874
-13.131319361313998683726822491735
0.833454069711999867564600208425
-0.975348610524000014798673419136
-10.697482713475999105412483913824
35.266413178899995273241074755788
2.112635863797999835611562957638
-3.932398165055999594841296129744
0.619174634118000000171377905644
13.115484928623997618046814750414
0.258223633391999940478456210258
7.035424284259999438972954521887
-64.966158688859991343633737415075
-31.625776103250000659272700431757
41.906567625501992324643651954830
25.952634080141997685586829902604
-12.622059395903997724985856621061
-0.605913175649999913296994691336
28.091805657915998040152771864086
-136.486127563869985124256345443428
10.384283891537998911758222675417
-56.163248189771998397645802469924
-42.778046780519993319558125222102
3.943168142112000396082294173539
-37.209275071916998456345027079806
36.100653824164993466183659620583
1.108668355960999774012520902033
11.340461293106999463020656548906
22.221225795053999974015823681839
37.620468575783995390793279511854
-7.330625055152000690839031449286
-4.198961157300000301972886518342
25.067547807008995874866741360165
-0.845963257661999867842439471133
-4.315699751419999508073033211986
-3.774717565715999700870497690630
-15.104120561292001312381216848735
-34.663292998064001437796832760796
-2.322681266559999624377041982370
23.420716323773998368551474413835
13.760172097811999236682822811417
-100.900805584579998708250059280545
-6.926048768241000352929859218420
32.741298429120000434977555414662
58.846377539183997384952817810699
-252.139141699709995236844406463206
224.413959786244987526515615172684
-1.078821670611999739008979304344
56.934121407165001471639698138461
-61.965937633050003796597593463957
157.856659815631985566142247989774
5.163514258608000062622522818856
-94.408300816796995036384032573551
-27.415829855175996243588087963872
47.071699516035998556162667227909
16.516621023119999023265336290933
63.799459246004992962753021856770
-49.912108470126000270283839199692
-38.260240216406998570164432749152
10.868013813979999326875258702785
1067.680798095807858771877363324165
-26.135527612160998955914692487568
443.688653070657949228916550055146
-30.739146539191999352169659687206
-0.124664337010000000893761296084
842.097957441324979299679398536682
-886.935769974282038674573414027691
0.057179408814000000360611153383
88.651457532401991556980647146702
15.249692470799997678909676324110
-57.999873745657986034984787693247
958.098036690827939310111105442047
1.403738342003999717277906711388
-9.410211441619999561680742772296
-257.315530696850998992886161431670
412.208175030183952003426384180784
-699.469308947455942870874423533678
181.996857601860000386295723728836
-62.983321265249998077706550247967
638.165839261119913317088503390551
0.107901606455999998779304860363
-236.445442686303948676140862517059
209.855523863557976937954663299024
-1034.504995384765834387508220970631
-19.447140748223997519517070031725
23.937616492513999588709339150228
4.249628863817999757657162263058
2429.954159465951761376345530152321
-13.137237888543998209911478625145
978.378677164999999149586074054241
-110.264929505325000036464189179242
-39.102181397532000062255974626169
-787.023821627120014454703778028488
-90.645095947119997958907333668321
-72.078135245219982607522979378700
-344.877838030759960474824765697122
-1109.818520878031904430827125906944
-66.459241691093993154026975389570
2.293080797041999741026074843830
4.693621252259999820921620994341
-34.239443527919995347019721521065
1605.954896596171920464257709681988
-287.022830656368000745715107768774
-470.742650588658023025345755741000
-237.353089775987996290496084839106
420.442755513299971426022239029408
-1106.710564971044732374139130115509
181.001077845192014592612395063043
-102.043777765215992303637904115021
-88.987535836719985127274412661791
-1310.229769701544910276425071060658
45.452005612919990085174504201859
2.518995330041999824999265911174
171.532562405539977135049412027001
-22.926242578200000110655309981667
755.667411515279923150956165045500
2223.122342747959010011982172727585
3.669765998039999477242645298247
370.046318115967949324840446934104
415.258449240219988496392033994198
3330.530742703328996867639943957329
-228.252255681744998128124279901385
-127.517714864045984768381458707154
-47.316238935063999804242484970018
-112.720070321677994229503383394331
-104.782923627102988461956556420773
45.488056906409994439854926895350
-490.909132389651006178610259667039
66.125824190959988868598884437233
-2726.562713719627481623319908976555
606.751526775145862302451860159636
-33.118460889227996801764675183222
197.726510010531001171329990029335
-205.014029477052019956317963078618
340.068536266569935833103954792023
-299.260481594775001212838105857372
-3254.396729043548930349061265587807
53.520749890129998505017283605412
3148.660281238751849741674959659576
-139.365437861916007022955454885960
85.809354515139986574467911850661
-929.704984819519950178801082074642
74.656607017649989188612380530685
65.477991254751003680212306790054
-6.319140862799999425192254420836
96.714128045145983492147934157401
212.837696234969996567087946459651
129.306188590474988586720428429544
3455.573686649687715544132515788078
125.749269473957994591728493105620
-30.586952030698000726260943338275
-260.820247740002969294437207281590
28.370723857245994992126725264825
-1910.979826303439949697349220514297
-50.173140735215994823192886542529
-1032.688436162954758401610888540745
6463.838841657860939449165016412735
677.963349476366829549078829586506
795.969368044091993397159967571497
415.751502718754977649950888007879
-31.891185797704999060897534945980
315.224814076424991071689873933792
-5.701057812383999667815714929020
432.496791604933946473465766757727
-382.251170422945961036020889878273
6458.716341286861279513686895370483
84.534734665480002036019868683070
-63.933899778407997871454426785931
-44.785198801749992014720191946253
101.077615354705997674500395078212
2319.880221232139774656388908624649
60.267464925325000990596890915185
2433.413493837215810344787314534187
-641.786448411431820204597897827625
-81.547795687229992722677707206458
-55.585633396371001424540736479685
-534.071454267205922405992168933153
-653.949118181540939076512586325407
-57.469922382304993391244352096692
-1501.835361676141701536835171282291
3.085559265827999997355846062419
-1576.715885789848016429459676146507
1079.827980315983950276859104633331
-1687.130655134855942378635518252850
-1129.240162519088926273980177938938
-225.415981389727988926097168587148
-2510.129184503820852114586159586906
-420.074668884448954031540779396892
-3974.579129449999982170993462204933
-267.794619622679988424351904541254
20.921664204429998079604047234170
455.522114127726013066421728581190
2809.330440808511866634944453835487
-183.975224314998996533176978118718
5.266136196299999738812402938493
55.102321702445998141683958237991
1427.042100339454691493301652371883
-4747.811824352031180751509964466095
636.113456442875985885621048510075
1530.013965100637960858875885605812
-545.339077921049920405494049191475
-10381.963104778387787519022822380066
-3862.712847557409531873418018221855
2019.190370718300073349382728338242
-23.394179140512001424667687388137
824.989965505015902635932434350252
-310.383706700109996745595708489418
-197.565843979964000709514948539436
2037.051696999812747890246100723743
-970.500014790415889365249313414097
11.367987856283999548168139881454
65.427101710805999346121097914875
2581.907265019159694929840043187141
638.243331548087894589116331189871
63.466247938151994389954779762775
-46.269481802276999360401532612741
-1592.715073042385938606457784771919
-480.928948405023959367099450901151
-55.634267398753991074045188724995
-675.525298758591929981776047497988
-292.816495273791986164724221453071
181.447201822903963375210878439248
-1559.830102892851982687716372311115
143.973635209994000661026802845299
4638.031374629057609126903116703033
-11909.571184893875397392548620700836
1.168475135540999687577823351603
173.756646331903965574383619241416
176.511808726400005298273754306138
-133.617444255839984634803840890527
91.420887738179985149145068135113
434.151978153751940681104315444827
-944.278206890760088754177559167147
709.591244360491941733926068991423
-414.402880158190896509040612727404
330.333521528879941797640640288591
-54.132984377279996124343597330153
34.892133093519994702091935323551
-3661.939256305147409875644370913506
596.946114237659912760136649012566
43.632146833505991878610075218603
-7.506687694384999609553688060259
4503.946009560800121107604354619980
84.092657142839996708971739280969
-750.386899911970999710320029407740
-4316.389587941450372454710304737091
2057.676416533954579790588468313217
-924.989217510599928573356010019779
-6222.947933373316118377260863780975
-2319.224525445017661695601418614388
1940.822114524031803739489987492561
591.215683657199861045228317379951
6253.212445839938482095021754503250
29.644830461405998534019090584479
-145.520546953711999549341271631420
2051.759966101811642147367820143700
-329.878270560863995797262759879231
5839.421448318638795171864330768585
6.018306858905999590092505968641
-906.357790713801819038053508847952
173.084190521364007508964277803898
8306.749278767400028300471603870392
-10108.708619894974617636762559413910
-312.813197305988978769164532423019
-34.391857693214994640129589242861
-677.061776477883881852903869003057
24.114816359009999757745390525088
3319.143748394477825058856979012489
-380.962478422843958014709642156959
981.855427249420017687953077256680
-4464.461873304070650192443281412125
9034.241184099315432831645011901855
-1959.110161215503694620565511286259
1472.101347235948878733324818313122
174.160120649643005208417889662087
276.450893018249985289003234356642
-70.965492816520992391815525479615
-6532.403534457023852155543863773346
34.193637586079994150622951565310
-4821.839165966423934150952845811844
-180.635194703249993608551449142396
-926.720426467259926539554726332426
-1636.085524986548080050852149724960
-557.122675333751885773381218314171
360.088999210690985819383058696985
-57.591964479490997064203838817775
-1198.484297972532885978580452501774
234.992620533155957218696130439639
777.154811610462843418645206838846
9035.560985685231571551412343978882
-4307.927904290009792021010071039200
-551.722487187300998812133911997080
1583.084057724359809071756899356842
-83.984987904959979232444311492145
-2118.850234291268861852586269378662
-27.493789048028993704519962193444
879.116010083300920996407512575388
457.225058818920047087885905057192
4456.924297591745016688946634531021
-13444.130312205681548221036791801453
937.512869986858845550159458070993
25.522913092706996707192956819199
1715.010974707381819825968705117702
2506.919550445994445908581838011742
276.221235027450916277302894741297
1430.651162433401850648806430399418
-242.395296435263958301220554858446
-34.594927874597992456529027549550
2401.781668631609591102460399270058
2047.115693213275790185434743762016
-442.074719196209969140909379348159
2839.865808541502246953314170241356
-2967.223983013394899899140000343323
-4718.886777499819800141267478466034
0.842109874727999918597731721093
1040.410576922359950913232751190662
-225.899132396432975156130851246417
401.217396725081982822302961722016
15260.647795170185418101027607917786
2909.336772855771869217278435826302
-509.917725904859992169804172590375
2010.901244199835673498455435037613
754.653245612867863201245199888945
10577.762464679797631106339395046234
4703.100923128179601917508989572525
245.789946129202974134386749938130
-98.559471258741993437979544978589
1390.968052740408893441781401634216
711.444858945074884104542434215546
6.752024627879998242008241504664
-3821.279872595795495726633816957474
150.805548594458997513356734998524
855.655140470600031221692916005850
-3022.703793786819460365222766995430
10410.997922252616262994706630706787
-26307.748522070047329179942607879639
-5.462181224299999193760868365644
-117.740210384162992340861819684505
-33.425107816847997810327797196805
13395.550540122458187397569417953491
-199.369861587042976225347956642509
217.199373903216013559358543716371
14965.756243699255719548091292381287
137.975081077699968545857700519264
664.313964306080038113577757030725
1776.984469658948000869713723659515
229.778332955036972862217226065695
7381.813645268199252313934266567230
-4266.517908714203258568886667490005
-252.246106253270994557169615291059
-119.378746832925997978236409835517
-5871.498690347274532541632652282715
-105.597036720047995572713261935860
17793.622677210762049071490764617920
191.044530099011979018541751429439
18567.709852902240527328103780746460
5511.570196053599829610902816057205
-4616.101633488332481647375971078873
1933.153439873042771068867295980453
-8106.843589239986613392829895019531
3235.055332193249796546297147870064
15621.924148554626299301162362098694
3912.035228922599799261661246418953
-1490.227927187760087690548971295357
-26.389425795150000197963890968822
-761.084017699024911962624173611403
-2935.536939466753665328724309802055
3753.180032980842042888980358839035
700.486544318197957181837409734726
496.658078246609932193678105250001
-14893.179997441840896499343216419220
-101.359228908551983749930514022708
-1608.463058404751791385933756828308
567.724843318349940091138705611229
169.356545913294979754937230609357
1649.311263151196953913313336670399
25872.804672451962687773630023002625
-10468.227705499324656557291746139526
-516.228650551600026119558606296778
365.336352632214016011857893317938
-6566.390176382905337959527969360352
3290.621608555283728492213413119316
-6653.162205648719464079476892948151
252.829525065485995583003386855125
1039.095325923983864413457922637463
1601.999866768703896013903431594372
16319.653120105102061643265187740326
3578.130798122852411324856802821159
305.124230154015947391599183902144
-20.440562660244999904080032138154
3380.519707647642007941612973809242
-3163.091261892484908457845449447632
2648.416641503351911524077877402306
-750.904975461665003422240260988474
14759.831842965260875644162297248840
-734.512877934040943728177808225155
17199.158594320750125916674733161926
939.533889276438003435032442212105
-53.965370383228005835007934365422
498.488685520294040998123819008470
-7616.807558593140129232779145240784
-29.496906299505997850474159349687
411.749310116849983387510292232037
935.173861762253864071681164205074
-4929.552315340846689650788903236389
1378.913400427823944482952356338501
7311.963122089009630144573748111725
-18725.852723064374004025012254714966
-5930.889878843826409138273447751999
4497.694676269571573357097804546356
12254.471306632187406648881733417511
-916.622551430115890980232506990433
-5402.904503900937015714589506387711
-692.765087255968865065369755029678
-31415.858393547008745372295379638672
-2112.596366548707919719163328409195
-17.404278590675996696290894760750
6979.823209216854593250900506973267
-17.654803425641997449702103040181
-16414.652117786099552176892757415771
-92.391365688973991154853138141334
-197.603102352901970562015776522458
-260.170876662395926359749864786863
-14213.791565091536540421657264232635
411.239724990929971681907773017883
15566.299731864683053572662174701691
-1.881725132454000082304901297903
-1564.590635388237842562375590205193
5300.359093101019425375852733850479
-1261.074697624077089130878448486328
-880.456449934781971933261957019567
-2928.612796645473281387239694595337
-10754.580116916953556938096880912781
-580.397701740499883271695580333471
-1828.387829978975787525996565818787
-64733.571455542660260107368230819702
-733.176695123927970598742831498384
2372.001601215245500497985631227493
-3776.779197564008882181951776146889
1022.780734113119819994608405977488
-22595.607228170621965546160936355591
-271.303096351969941224524518474936
786.053327323411963334365282207727
11908.025530944880301831290125846863
19.871357277749993386350979562849
-2591.860964811021858622552827000618
-771.983245229009867216518614441156
1205.563431577658775495365262031555
344.064415111469941166433272883296
-411.240213868518026174569968134165
3478.997429531192665308481082320213
-651.668379447427923878422006964684
44.213219518659990114883839851245
-4122.924228490045607031788676977158
-199.589659778487970243077143095434
2318.071659884189557487843558192253
293.790308949900008883560076355934
769.094379811664907720114570111036
1268.138260550105769652873277664185
6462.060807729459156689699739217758
-5.551086861403999428432598506333
-4996.190197263060326804406940937042
-6144.234711638246153597719967365265
-22559.946105944647570140659809112549
35407.564177912783634383231401443481
-218.438418786272961824579397216439
-10985.874888755302890785969793796539
-7756.441840424483416427392512559891
17.165906074383997292898129671812
-9018.282150513574379147030413150787
11829.143814992356055881828069686890
-15097.170516887548728846013545989990
13036.299861883033372578211128711700
91.933982391070003359345719218254
-37929.694518522788712289184331893921
1782.945023605193910043453797698021
141.873646748535975348204374313354
5528.041685262359351327177137136459
-41738.759120130838709883391857147217
-99.172421208269980752447736449540
38.478391394799992042408121051267
305.281800650735931412782520055771
-197.956788526139973782846936956048
1595.664785253375839602085761725903
9207.923869490399738424457609653473
23631.500407370236644055694341659546
1052.532047622029949707211926579475
-528.370330800614851796126458793879
-2053.860008465627743134973570704460
-540.183562841740013027447275817394
18661.293070630326837999746203422546
21900.276509056235227035358548164368
19112.001418652351276250556111335754
-2737.637296276917822979157790541649
-993.010409387009872261842247098684
-2109.704191245039964996976777911186
-3092.928935304207698209211230278015
-17849.017691936005576280876994132996
21710.868621495585102820768952369690
23.117892377927994118635979248211
2352.957752220479505922412499785423
-2432.435706513459081179462373256683
229.351960452160000158983166329563
16216.734920137454537325538694858551
-774.316591741490924505342263728380
-5517.539698704022157471626996994019
-992.353771293324030011717695742846
444.656319129839914694457547739148
5552.886791872313551721163094043732
492.953248951319949355820426717401
-8805.244175314062886172905564308167
-15113.749074216511871782131493091583
-11600.489706174768798518925905227661
13753.659430518478984595276415348053
17307.934699428238673135638236999512
-9707.564795373749802820384502410889
-16471.605354192895902087911963462830
17520.620896126463776454329490661621
-5789.492907425631528894882649183273
-2641.599014308515506854746490716934
-12473.916652096559118945151567459106
-12384.100138218633219366893172264099
-1381.015684690433772630058228969574
5200.340308283747617679182440042496
-4662.728467596711197984404861927032
1196.660178821351792066707275807858
-1431.051773649399819987593218684196
4536.256608401129597041290253400803
11021.892182703724756720475852489471
40998.732574021116306539624929428101
530.490328622888000609236769378185
-1201.771541552203871106030419468880
-386.959953298984999037202214822173
-4684.302848646992060821503400802612
-9648.204157202271744608879089355469
731.547822372365885712497401982546
-271.868057250747995112760690972209
-1653.166547549837787300930358469486
5464.711479722936019243206828832626
172.922989746627990825800225138664
-5093.738310861779609695076942443848
1844.784091915649923976161517202854
12852.674332370334013830870389938354
428.430397301727964531892212107778
27.549495023022000594892233493738
-3048.723330920272019284311681985855
19541.276331795652367873117327690125
-12209.040764008341284352354705333710
-32575.745931047516933176666498184204
3300.263639170406804623780772089958
-9168.687970500102892401628196239471
2897.964397735686361556872725486755
-5312.605330496012356888968497514725
-3126.458317716299916355637833476067
2602.633736643082556838635355234146
2154.512811501873784436611458659172
-1070.183851705893857797491364181042
214.204179937020001034397864714265
11716.039250110781722469255328178406
125.982805650041981948561442550272
26382.824941938244592165574431419373
1387.513958922585061372956261038780
5444.245117650541033071931451559067
-177.298651141391985674999887123704
-47913.941196520187077112495899200439
1215.880912582415021461201831698418
-1689.232837267930790403624996542931
5316.411493110146693652495741844177
4577.938748059018507774453610181808
-11.751513412445998341127051389776
-10421.287017823238784330897033214569
-17313.690076829316240036860108375549
-15212.419448897437177947722375392914
5918.885357627275880076922476291656
15346.297876063277726643718779087067
1243.399310150699875521240755915642
8203.510750324427135637961328029633
1291.354015093142834302852861583233
-170.334602653088978740925085730851
2129.793649754266880336217582225800
33067.874067239084979519248008728027
-19917.469664670017664320766925811768
-435.538440630700961264665238559246
-17788.230371469177043763920664787292
-8405.646068601654405938461422920227
-159.176102440842015539601561613381
15481.803198048544800258241593837738
2757.303086072031874209642410278320
28333.507034692032902967184782028198
37556.290472063577908556908369064331
147.773352626871002257757936604321
903.021426168923994737269822508097
3311.680115263148763915523886680603
45524.659359866571321617811918258667
1876.445855200377764049335382878780
-9.207502597299999536062387051061
-944.571552685499909784994088113308
2077.711674313316962070530280470848
380.442616264023911298863822594285
-149.525077372919980689403018914163
-2019.438910771404607658041641116142
-61742.544792141270590946078300476074
1646.888848234272018089541234076023
-214.711695480542971381510142236948
1521.883008221421732741873711347580
-18416.884278681700379820540547370911
1370.990094586215946037555113434792
59144.200713821599492803215980529785
1202.593393201458866315078921616077
-6925.301151032220332126598805189133
-175.639560029080001868351246230304
22857.690263602959021227434277534485
-44974.273073168718838132917881011963
4149.144117081949843850452452898026
20669.818730989933101227506995201111
13084.375528450953424908220767974854
-385.939549918847944809385808184743
-2889.247253519386504194699227809906
4470.480753836711301119066774845123
4239.239603341015026671811938285828
-5001.131961230656088446266949176788
26666.355950979839690262451767921448
7029.122126787960041838232427835464
-9205.982289400271838530898094177246
-36765.066733521329297218471765518188
-451.435414317269930961629142984748
433.955059750799932771769817918539
345.052823748928005898051196709275
23016.459223920017393538728356361389
-16968.255067694695753743872046470642
79349.158852589738671667873859405518
9514.165198459319071844220161437988
-602.884676503892933396855369210243
-307.982277789010993274132488295436
6306.060069821311117266304790973663
79340.108590629970422014594078063965
315.809913606715952028025640174747
10465.696190862179719260893762111664
-1280.147719772219943479285575449467
-4352.681518375831728917546570301056
25727.762936601080582477152347564697
-2798.168725074158828647341579198837
8563.577243835959961870685219764709
-7910.466307162680095643736422061920
-21152.441141487513959873467683792114
-9771.381820695571150281466543674469
-2716.996837349674024153500795364380
-6187.389839337280136533081531524658
95882.641109882475575432181358337402
13532.774861504414730006828904151917
-15791.679371024829379166476428508759
-5390.014591250587727699894458055496
5608.247660926388562074862420558929
17277.788169969790033064782619476318
-13587.075536331725743366405367851257
-10630.724671345829847268760204315186
-40.651162825487993757178628584370
37113.661890108982333913445472717285
15427.566554335735418135300278663635
184.380805995844980316178407520056
113.799983770134005567342683207244
-1504.208588752346713590668514370918
-1499.939926492385893652681261301041
-233.448834565174962563105509616435
-90868.500207256496651098132133483887
7412.250855127040267689153552055359
-25541.871019141533906804397702217102
-44662.324431060631468426436185836792
-15408.747658092132041929289698600769
18817.035265990965854143723845481873
30069.915384688243648270145058631897
-441.300853656831009175220970064402
-12958.277789562838734127581119537354
-3858.119969824084819265408441424370
8052.275147691526399285066872835159
824.246255432051952993788290768862
-3350.332872239594507846049964427948
-23718.560371504074282711371779441833
-7062.792010774751361168455332517624
-11.572308480875998171200080832932
-9377.814019832951089483685791492462
8069.428112207218873663805425167084
-5478.081488658019225113093852996826
3146.640065052315094362711533904076
1364.126325986759866282227449119091
-46536.230139541592507157474756240845
-14325.321053054340154631063342094421
16294.453289195100296637974679470062
-5485.420140245333641360048204660416
-1079.416603808819900223170407116413
-2150.742935997511722234776243567467
2253.429534864455945353256538510323
4384.528464089780754875391721725464
8788.401315082479413831606507301331
-33032.163975017421762458980083465576
1188.207326814377893242635764181614
-21825.718346860427118372172117233276
19092.678766406686918344348669052124
534.603516604675974122073967009783
-54659.841454273744602687656879425049
-13697.787285568321749451570212841034
-300.497540827978014021937269717455
61078.120884450807352550327777862549
-100.363909414971985256670450326055
6225.158464358019955398049205541611
29286.851532971308188280090689659119
-1665.296747585703769800602458417416
27977.167756809176353272050619125366
-58123.914457941493310499936342239380
10295.563975106562793371267616748810
1264.217462273501951131038367748260
-853.819753717980006513244006782770
7463.439472864351955649908632040024
38077.558555782336043193936347961426
5768.435376962424015800934284925461
642.194471642922053433721885085106
6.068928730771999902060542808613
-10286.914050059638611855916678905487
-2030.349703859487817680928856134415
1913.166356729151857507531531155109
859.779999822693980604526586830616
13263.496436415116477292031049728394
3419.422699554329483362380415201187
17.867080317539997480480451486073
-2332.227050297979985771235078573227
1235.037601868699994156486354768276
-12962.998892038527628756128251552582
16826.045322925685468362644314765930
14839.669122013963715289719402790070
32583.026281983486114768311381340027
-3445.410050990492891287431120872498
165.031002257040000813503866083920
2722.088555432063913031015545129776
21262.599671462783589959144592285156
9921.307574551998186507262289524078
-2293.542947025880039291223511099815
-9081.644998930916699464432895183563
-10761.644674888482768437825143337250
-5629.517829798967795795761048793793
-13080.233630449403790407814085483551
11130.292458937794435769319534301758
21176.061156378917075926437973976135
-28031.903113565684179775416851043701
505.400912308228953406796790659428
-173.407498135011962858698097988963
31325.653523994533315999433398246765
-4655.417692392202297924086451530457
35774.336732377887528855353593826294
-1655.939125225095949645037762820721
32176.033642765331023838371038436890
4149.515420946475387609098106622696
-3702.177370509446973301237449049950
-855.711048977946006743877660483122
-4011.430623128880142758134752511978
63603.498319771228125318884849548340
-49786.481052592222113162279129028320
75798.782113501845742575824260711670
-30446.022077438588894437998533248901
316.438806831107001471536932513118
-6167.522299039392237318679690361023
-53416.480308741884073242545127868652
-2956.273583375331782008288428187370
1234.591028599571927770739421248436
103.949999356542988948604033794254
-126.006967109462991061263892333955
-2420.015403477671952714445069432259
-4941.402329022298545169178396463394
-66926.793902040095417760312557220459
-8585.643450075238433782942593097687
-44596.604752723447745665907859802246
10499.681822574750185594893991947174
6639.929733933247007371392101049423
-17931.477262725118634989485144615173
-4444.007870958069361222442239522934
1471.428143455634881320293061435223
931.509163831273895084450487047434
-15908.248716590978801832534372806549
2176.850656649016855226363986730576
-12734.631229202517715748399496078491
24027.356439728457189630717039108276
8868.747500923200277611613273620605
14.170395621199999069972363940906
21790.749683103542338358238339424133
-4224.341189175471299677155911922455
2375.086281000724738987628370523453
-3534.565119897130443860078230500221
-5064.567746839001301850657910108566
6469.987136649884632788598537445068
-35939.966613793701981194317340850830
3158.316188192721710947807878255844
-22.446121707223994690139079466462
5103.018347173536312766373157501221
-750.075162545614944065164308995008
-41052.060402799404982943087816238403
-1414.450910611071776656899601221085
-1432.665805126428040239261463284492
1454.694000607670886893174611032009
9755.280918156729967449791729450226
-204136.274945318757090717554092407227
-236.079789929675968096489668823779
-30131.367583759776607621461153030396
370.690078472279935795086203143001
9249.677097193638473981991410255432
3728.577964125395737937651574611664
-11239.284409007614158326759934425354
2157.860361747475053562084212899208
-23897.650310135370091302320361137390
-20266.693018525769730331376194953918
49.184333000430001447966787964106
3257.832048181906884565250948071480
-642.071044905377902978216297924519
-5387.947317965183174237608909606934
24851.178771183735079830512404441833
30528.961630123292707139626145362854
812.301765552539905002049636095762
-37433.819942277266818564385175704956
27502.353457400065963156521320343018
-30806.262046426239976426586508750916
-15681.954354271290867472998797893524
26280.925804380793124437332153320312
736.604670791793978423811495304108
41944.411469541897531598806381225586
1631.515777256419823970645666122437
-106774.639703182809171266853809356689
-24733.849519815925305010750889778137
267.876207567949961685371818020940
13715.954597286772695952095091342926
-29805.877869179192202864214777946472
-70816.804435251193353906273841857910
2579.186948085484800685662776231766
-2517.778576335247635142877697944641
5994.271163967227948887739330530167
2305.045708227073646412463858723640
13930.625661711615975946187973022461
2396.399223802751748735317960381508
-932.735132963138994455221109092236
175830.962121263495646417140960693359
15649.005509789831194211728870868683
4634.442353396550061006564646959305
21955.941411270625394536182284355164
2858.758769951919475715840235352516
-6.502603098590999941563950415002
737.640216136823823944723699241877
-4530.233237747574094100855290889740
5876.000475866003398550674319267273
-27880.417317497951444238424301147461
77014.666232402785681188106536865234
-3802.691735721897657640511170029640
22989.312256396940938429906964302063
-2869.280123104511858400655910372734
31430.472630504154949449002742767334
-50.222491656327996167874516686425
11725.828759628149782656691968441010
50883.876451608499337453395128250122
38127.715606191319238860160112380981
61615.768854059206205420196056365967
2322.078059020204818807542324066162
-3067.951944104839640203863382339478
100885.805329144874121993780136108398
-12454.890086490251633222214877605438
-4663.232955519903043750673532485962
86253.323601473326561972498893737793
-71957.151965035212924703955650329590
11224.639196526662999531254172325134
1383.964983184899892876273952424526
-52344.962060915335314348340034484863
16842.228646208659483818337321281433
-5106.894444767903223691973835229874
-2324.773586549950778135098516941071
-436.108410876352991181192919611931
-1237.415081749568798841210082173347
13930.955712850671261548995971679688
21702.524077822021354222670197486877
-32364.258687244357133749872446060181
3588.540882571924612420843914151192
-4840.639377087140019284561276435852
-29775.523029562209558207541704177856
16105.801097861336529604159295558929
-30319.199049529099283972755074501038
21435.487102861832681810483336448669
3584.506184688303619623184204101562
114146.977455130036105401813983917236
1459.049218457098731960286386311054
-38198.356030980517971329391002655029
75306.570564116540481336414813995361
-120.465654681259991320985136553645
9757.330551256909529911354184150696
-9526.170357689152297098189592361450
26648.131858142052806215360760688782
2519.001808773813536390662193298340
-3189.089772922459360415814444422722
-2302.530362286202034738380461931229
-58275.703647806396475061774253845215
126853.935836610020487569272518157959
339.513135764255991944082779809833
20769.687500649848516331985592842102
-84.665446550100000422389712184668
583.410692789819904646719805896282
4092.136760275730011926498264074326
11567.246947187231853604316711425781
-3159.922084748923680308507755398750
-16461.047847912599536357447504997253
13186.588287002934521296992897987366
-17800.548426743574964348226785659790
717.800122274018917778448667377234
613.396400610442924516974017024040
27341.490287514247029321268200874329
-429444.597750974993687123060226440430
42.582688024447996610888367285952
-1668.868143774318014038726687431335
-11136.446492332210254971869289875031
-5150.106627723979727306868880987167
24702.360998269497940782457590103149
-65041.389774433679122012108564376831
29172.632509034014219650998711585999
66831.796345228111022152006626129150
23494.724361016207694774493575096130
-23221.992296859963971655815839767456
-81103.102850961571675725281238555908
155.206454691728993111610179767013
-88240.504073821750353090465068817139
2906.212751893955555715365335345268
2180.495041083190699282567948102951
-2099.830877482800133293494582176208
53762.743609013406967278569936752319
-110844.626736326346872374415397644043
-1034.822789345079854683717712759972
6024.039208180661262304056435823441
-47027.207227466955373529344797134399
-412.964301293738003550970461219549
1963.154510843514799489639699459076
15494.352038212209663470275700092316
-30714.085430681818252196535468101501
-28.133067241062999386258525191806
-44.787627392666990999714471399784
-752.172516980345903903071302920580
-22759.468273975031479494646191596985
3903.797012619365887076128274202347
-5738.898573038340146013069897890091
76407.160920351088861934840679168701
107964.791392228522454388439655303955
-21804.350828105387336108833551406860
48.341086494446997789964370895177
468.498085012547960559459170326591
-5109.110450269374268827959895133972
119.171983966397988297103438526392
6.190933270079999495294487132924
-246.316443472007961190684000030160
-6776.746694199205194308888167142868
127941.305422415534849278628826141357
-12002.485082986813722527585923671722
-159.791199729167999521450838074088
47957.825206723966402933001518249512
1275.031137060251921866438351571560
11054.963319813057751161977648735046
-5071.639276353179411671590059995651
-423.257341410518961311026941984892
-195562.365234215918462723493576049805
166948.060288153385045006871223449707
-707.403186330371909207315184175968
55801.068669920263346284627914428711
39594.680803319155529607087373733521
-40508.591943014725984539836645126343
-65301.506073547207051888108253479004
14590.530009887830601655878126621246
-15492.477358190624727285467088222504
-128615.080640133062843233346939086914
95854.148149338405346497893333435059
86878.470970516107627190649509429932
1783.632647608051911447546444833279
-376.918973738215981938992626965046
3418.635565672989287122618407011032
5111.199796468382373859640210866928
3054.709908655825074674794450402260
8865.210016297007314278744161128998
32002.243518082967057125642895698547
-36839.330204326201055664569139480591
-15997.313325501298095332458615303040
250.488561370587973442525253631175
2071.169458132109411963028833270073
-3923.012695645295934809837490320206
45178.339733183973294217139482498169
3515.820301289310009451583027839661
463.652173408074929739086655899882
-112479.028284989792155101895332336426
-10020.236178533714337390847504138947
52560.687544899570639245212078094482
99503.265885603323113173246383666992
23344.049921263267606263980269432068
-8335.725453004230075748637318611145
-84485.616528600119636394083499908447
28378.329510928186209639534354209900
-7886.707675106368697015568614006042
-72040.439202694848063401877880096436
-2452.715574677276435977546498179436
11114.610404677581755095161497592926
130.965711455742962243675719946623
-28681.820522309339139610528945922852
-26642.306423776648443890735507011414
11379.347874099048567586578428745270
26090.048692083200876368209719657898
9159.568943952792324125766754150391
-8756.001544772159832064062356948853
127808.422982321790186688303947448730
-71884.847660177736543118953704833984
-16593.327230782830156385898590087891
-30289.306150490017898846417665481567
-105098.676427468613837845623493194580
