0.172552
-0.772306
0.894247
-0.718873
0.412437
-0.409008
2.705368
3.267278
2.329295
4.390507
-2.497487
-5.473778
-0.564459
2.640805
-4.236109
6.514207
8.262243
10.736448
-4.926529
3.182402
-4.685067
3.758784
2.019295
-12.481480
11.055379
6.256035
-12.508751
-19.964920
8.103777
1.754475
-7.197510
2.235997
-21.086800
-8.771274
4.270732
-3.172792
-4.007760
14.214005
-21.234503
-6.656570
6.326627
-1.098281
-32.561985
9.719216
-8.897861
-29.000341
-15.728570
-25.305351
15.446007
12.713715
-22.311155
2.365737
-10.938740
-17.097628
-0.577957
7.716581
-2.893142
1.128580
6.542561
-9.674567
2.670300
13.126811
0.275906
35.666153
15.994402
-29.736721
-12.489324
19.747566
26.185711
-52.170052
6.703631
34.926926
-15.319196
25.036167
-9.456056
-21.496017
38.036728
3.623469
-30.762495
2.436876
42.597309
4.502309
-13.493599
0.419990
43.120869
-35.117821
21.793524
53.748272
5.798166
-5.257610
35.635212
-3.406463
11.658068
0.555896
39.243382
-30.789667
-18.504332
22.146143
-91.472733
-17.703732
-12.607313
-84.169373
14.964323
-20.939480
-36.384277
-5.079969
11.574058
10.076747
-8.344873
-32.513653
-29.983210
75.603333
-10.316087
-17.022081
-2.693808
-65.152580
-41.850262
41.909504
10.785176
14.827716
-24.298082
-29.615170
12.045730
7.560719
30.731430
-5.968499
-38.504475
12.756006
1.930470
-44.204639
-45.805344
3.363644
-37.073906
-14.430614
10.097955
22.209917
-11.768392
42.065029
29.449875
-9.787792
14.163362
55.112297
-20.356926
-44.412098
38.933704
51.610008
-78.294975
-98.845009
-14.701075
-3.310949
-71.731438
-37.182545
37.824894
-67.246582
16.298437
-56.443779
18.768869
-7.659349
13.354297
15.735090
-19.496967
71.584618
-3.499434
22.680210
20.061527
99.506485
-27.130051
40.503571
-16.406042
-158.776382
-55.033756
-28.094250
39.526909
-45.933258
-51.073189
53.312363
-0.604729
37.419601
-34.601971
-40.641365
0.350249
-22.961624
-3.847600
27.761761
-18.389030
-82.709671
-50.133682
4.949515
-11.298000
39.058979
-6.653347
17.672094
-19.238932
-150.000565
-103.623543
24.099602
14.987893
-73.420570
-4.766771
-31.388369
-72.689713
16.525948
-75.842056
-88.211250
-36.109169
26.193928
51.374702
-21.002728
-45.104076
1.230722
-35.029465
-79.558800
6.429459
52.065983
107.746468
-103.328354
24.404991
-140.346970
12.779949
-77.477310
-36.587681
-89.689484
7.082439
-2.478264
58.466156
56.725777
-7.057877
38.645367
-51.878658
-109.842064
-43.170589
-47.686493
-122.310860
85.872330
-8.488298
156.275513
-44.588261
39.081348
41.177113
67.444168
-24.510212
-106.882355
-106.388184
-24.860806
13.276688
12.532823
-17.088017
121.542885
-10.394303
7.491581
37.666203
68.899857
66.012970
-49.731468
-2.788662
-22.375435
-102.689888
27.632267
38.001640
-81.636368
-119.193527
205.106995
-2.457626
151.575317
-89.631302
31.241009
100.985657
59.413738
-221.546005
24.705002
166.426300
-22.830614
117.137123
36.054100
-93.187439
197.592712
57.918110
89.150200
48.593330
123.507896
-29.156002
-81.809914
-73.000496
82.772079
32.476082
192.088272
-34.852196
-152.450455
-177.647858
-2.907376
-31.326185
-21.261387
-151.310089
-132.957535
39.902107
-142.481476
-56.451496
-87.693222
-48.398571
-89.247566
-65.807167
75.900009
-204.272202
3.213167
153.392868
-9.237228
32.003895
-90.621696
63.283375
-36.882557
-43.929745
99.236313
25.037766
103.621262
-37.876751
-27.327953
-22.062157
-179.391266
-163.756180
153.095459
-5.083889
160.060028
-78.047752
60.888077
-156.919357
12.741729
-94.618927
-50.810074
-17.879864
-13.176846
-45.327454
32.848598
0.899128
-128.600067
176.660919
-43.837608
64.420090
-56.514965
34.922539
67.533806
18.506264
-65.187340
138.999908
0.089091
29.535530
-111.330360
-46.164158
-18.803848
-165.273361
-233.369110
-136.667328
98.515930
-12.656626
30.113068
66.301003
81.856102
-59.406727
104.276367
-55.377499
-186.384109
-115.006325
4.503984
-32.179588
10.960303
-84.382248
-62.762054
45.708530
-3.481937
57.184071
-45.035049
-73.189873
10.422103
119.692284
49.573467
-54.667606
-51.890549
-19.788027
-7.455460
-137.110916
137.531143
39.570740
117.754707
15.401644
-156.649475
-19.038170
81.581436
-8.211346
-4.681488
49.642223
20.907970
-93.525536
-73.311691
-78.636246
118.426201
41.784348
68.582771
-123.267639
-10.782421
-119.773483
75.393898
64.074860
-16.777597
5.957817
-15.760996
-87.893814
235.385757
-4.114648
-54.223331
103.393440
-137.557953
96.117897
12.355259
63.257210
-29.079582
172.508896
-158.427933
-16.222641
52.447971
40.745941
32.504177
218.272324
-234.873596
15.335856
-157.220917
184.560013
-14.901494
-48.810623
-163.703537
57.360481
-152.560913
-140.961166
166.915894
225.180283
65.991020
25.304466
-14.200538
-288.135529
-161.520462
152.173676
-185.920364
420.049805
-85.812042
194.970779
-230.824097
-40.287537
192.982391
-108.707680
278.955200
-48.876469
-21.379646
-14.708182
93.904541
-220.824219
134.432358
151.212463
-30.587704
20.088537
198.881226
187.741928
13.714190
16.777023
-110.996078
-123.497200
-173.135925
-221.088974
72.631126
144.833710
31.080786
-11.777504
89.639557
-63.361496
-2.130278
-21.322060
188.264969
-0.576019
187.245972
-231.166428
-139.537445
122.784126
-4.192543
-208.130890
-84.427094
83.634392
-231.244537
-35.426632
-86.482483
-280.823730
77.363876
342.442230
136.878693
240.314209
-61.653008
54.331158
31.932331
-135.573608
-169.658310
-230.167084
31.865753
70.655586
-65.297585
122.855591
59.698990
126.458412
240.359253
35.693302
-13.139661
69.930611
117.707527
-33.715004
-100.490280
-32.042282
85.043137
-180.072723
71.998360
-311.155853
53.204102
74.921638
-35.929058
-236.138702
-408.973175
53.274101
-32.927925
-387.464050
100.575600
-80.633987
131.774017
65.047592
131.742554
14.074539
238.274139
-56.594925
-278.957275
324.443726
-110.219444
-107.323120
220.497269
27.591074
213.918045
175.898239
-100.948662
23.959057
-23.649582
165.334900
-181.704788
110.682060
189.784592
13.011562
-68.367950
-113.792084
-45.617508
-78.758682
136.900009
-74.139374
15.720825
-2.889503
107.977631
164.308762
-0.530615
-360.572571
-128.895050
163.415115
-266.473022
-105.360893
19.667984
301.723267
-158.693832
105.905289
-41.680000
-110.213600
-101.474380
46.582069
208.726044
25.305323
75.642929
26.231339
-44.067196
-361.531036
-66.670586
-87.332230
-341.202057
195.516479
-222.146271
238.893585
0.220985
51.354187
-112.309135
332.373383
163.929443
-10.455898
58.646687
-214.803055
154.341843
494.973175
79.710457
-275.958923
-264.775818
106.336929
53.053696
38.288090
-37.059597
-245.735596
-262.487854
267.706421
-53.221085
-14.598988
181.235031
39.146450
70.908691
-425.127747
38.188343
189.694504
-134.287384
-53.791996
-178.182190
-11.480577
221.922867
-118.069458
23.772324
84.245300
-161.257599
190.718735
-38.398697
319.723755
-0.297951
-368.523285
258.720398
-92.349800
-76.053841
-4.953949
-94.867302
210.340485
-34.218494
160.518417
-1.270620
-275.070953
-118.683632
-251.308197
-365.139832
-309.005249
-155.663849
42.523628
402.724976
-212.617096
-3.405584
-273.861450
57.271397
151.154419
77.058556
-92.709427
351.839844
290.353943
211.145920
8.194269
90.827477
277.559204
-30.560959
-223.602264
189.511948
119.488708
186.676178
43.488007
-0.716053
-192.284943
-31.797606
-255.425354
-317.040497
64.033165
160.972397
-367.443146
66.162651
-163.361496
99.091171
168.071747
263.408966
279.448853
-80.854462
47.542080
149.486084
81.970116
-178.115829
486.944092
71.485451
-22.000759
-201.610550
163.520004
37.613766
349.114227
-159.069687
-282.741699
-205.041367
-209.912201
151.189636
-1.905804
-162.824173
166.041763
-213.772049
75.395576
-104.795914
-281.432007
64.645592
-357.498535
61.176144
-43.810249
-61.291649
-31.868286
-179.152756
115.309532
54.052689
-35.946762
306.506744
37.357990
124.121681
128.771240
46.212391
123.133202
115.745140
-145.376389
-44.463814
-1.378092
306.329132
-211.406555
-150.783173
-363.543701
-39.719727
104.737381
546.701721
-290.339539
-232.946075
-271.219299
263.750061
209.951019
69.384323
8.878501
149.225815
137.820358
292.660065
248.724152
-65.541779
-47.192039
157.201263
-20.768126
537.808594
-88.096489
-347.870636
-164.435379
-108.816170
3.058365
499.405609
-75.526344
-5.871426
-116.664734
-33.374336
50.264267
565.377625
-36.298920
-266.040405
-64.406960
3.509503
-372.535706
-83.539932
-441.353180
-178.211792
-193.168015
-336.473999
-176.530060
-85.881874
-42.178761
-68.039436
178.163467
-574.501831
-662.879883
-12.926929
697.053406
-495.409241
385.144653
180.086121
-318.972809
124.928085
-303.060608
-73.644760
8.509781
386.763733
-141.198120
425.867676
26.523140
84.765602
119.629295
76.629593
315.057892
43.747208
383.192413
231.735336
176.084366
147.795059
107.824020
-177.499863
487.873291
35.549644
113.745438
81.654480
-187.280746
-302.435608
-218.858459
53.522297
-517.319641
-24.808887
-584.601440
141.798691
612.808044
126.985107
-6.188557
-236.108749
183.083328
-343.879761
241.419281
-208.731430
-171.753540
-178.078613
-84.447655
91.552147
-563.658936
-247.371094
285.963593
154.623230
-219.015015
-229.313416
-99.691093
-398.661652
-332.966644
109.571991
177.239304
666.587708
722.481018
272.545746
239.400970
-103.395935
870.820068
187.483505
428.101288
-239.341644
20.261040
-791.102600
-265.719360
-63.936806
-80.855080
-236.314407
399.526062
24.655888
327.274017
180.266998
-231.172379
-167.956955
160.639801
-147.997772
222.871017
94.552795
-274.744476
-131.500763
-15.986671
270.181915
262.404236
-422.137146
-80.731659
476.818848
233.651123
99.940147
-730.605652
237.438385
185.177948
-361.723328
434.566254
89.434372
-131.268600
-100.506187
-696.120422
-166.190460
-362.691742
202.679962
-330.556488
-154.084747
-216.281662
147.403931
-30.434351
237.539215
377.346436
179.861954
317.993866
289.227570
362.746124
410.092621
539.490906
62.384857
375.997406
159.969559
-20.729643
105.635574
40.633293
31.517361
-112.539833
65.451744
-153.241257
144.810562
29.267578
68.428413
-102.394989
-174.493942
182.295486
172.644470
-32.187431
183.636505
-256.570221
-314.514893
499.762024
-13.232176
478.136414
261.470093
148.666519
520.149292
203.596634
193.423660
254.572281
281.960602
-134.587006
-226.364471
-219.535873
-229.998505
359.109528
311.842407
378.770630
-127.663498
-732.053467
73.022186
-604.857117
34.482819
-165.429031
338.515839
306.945709
-42.468815
-157.768417
-313.851318
-81.014839
-454.537140
237.671143
106.625694
305.907501
313.437897
308.468994
82.997040
-135.734192
39.327557
142.195404
68.654846
-474.903381
7.863901
-101.435997
-496.573914
110.141045
-487.735107
-125.127991
-15.076405
-99.569275
-881.481750
-809.990906
-380.902557
-238.628510
166.438156
-131.543106
98.015625
-13.293221
-162.543823
-15.771172
131.330933
115.877144
454.093781
294.773254
354.884552
-28.413788
-184.194778
177.388275
501.275269
667.761414
-222.907440
4.086803
-508.754211
-528.212952
277.461670
-485.956543
287.160095
919.056946
89.477036
167.560333
113.818253
95.172935
70.164948
253.059799
-143.343353
564.184692
91.202240
457.871307
-165.140930
29.447250
535.081726
-194.171890
-517.256470
162.519669
103.779396
-449.647217
5.786564
-199.736298
258.790833
228.985535
647.472290
123.382347
-73.455811
300.126556
175.963669
-872.330933
170.039719
-103.027733
527.221497
-219.597900
-125.919098
-180.955032
0.000000
