-0.000000
0.007503
-0.021138
-0.169255
0.079363
-0.253320
0.488430
12.047452
-0.003953
2.018167
-5.543901
4.967857
0.850676
-0.001260
-0.871441
-8.173087
-7.444122
-0.015783
-0.650089
-13.598173
-11.735533
-4.944671
21.978426
-5.101041
-22.840903
22.963943
18.565082
-26.138722
-19.754073
4.943697
0.662724
-0.534626
-122.741092
8.779221
-10.034371
76.835618
-51.740837
-94.423787
161.286911
46.277467
273.885374
0.013590
-4.281418
40.925661
74.137060
362.716737
20.729319
426.467178
12.253279
-21.669056
1.146871
100.434823
997.706314
86.252732
-319.758329
21.288527
-129.555271
1.548272
9.602483
-142.418714
3.179092
14.184216
-5.030880
-4.997831
166.210043
-311.307952
150.430040
1.060896
-51.057377
78.873468
48.554570
306.532957
-0.209443
441.329842
-4.452152
648.600141
16.515641
-6.477531
655.172360
79.125403
636.649390
427.835919
201.855971
394.138679
-35.108006
-7.975802
170.739676
-2.800532
1.870250
67.333030
273.027512
-226.582012
-418.178643
-12.369684
194.352573
17.328811
-56.727025
46.249232
167.751372
-1.273955
44.595120
-6.938393
58.726362
96.594945
11.074117
42.018181
-0.358014
26.846494
37.207534
30.673320
106.724836
3193.641270
-155.537978
-0.444911
60.688133
-0.432105
133.778088
2.736614
-7.372693
290.026536
-550.467591
-1015.673553
-610.753678
-20.359594
-1566.877822
291.417504
-90.321312
-736.192699
1899.458132
182.361258
187.170608
13.109874
-156.594813
-131.206405
-9.286309
816.162481
-1625.118558
413.093301
-4029.822402
313.597937
557.683490
-109.952530
1.433575
-22.386334
1.862579
203.314420
-639.344779
68.398672
-54.335409
-1353.175639
-24.551285
457.170663
1505.480685
889.764098
29.088662
283.923806
83.057160
-98.964576
259.629471
58.954343
1465.074524
122.717345
-102.862320
43.122416
44.364947
1907.805917
-38.282258
-4549.650751
1482.752659
28.827943
954.854892
-14.711660
3245.844769
107.305407
148.973887
173.256021
-912.091045
8.420699
1046.762291
-7.209946
-2875.329296
-77.914363
159.362318
-42.828178
362.359965
-61.339334
79.965387
463.992226
253.931863
1974.632195
2732.899737
-1034.670350
-79.464727
1966.046316
-1242.250621
-2.000400
-89.401929
-705.207912
-9956.897739
-1890.278052
-113.183324
328.494907
418.966339
690.457467
515.423223
3020.266023
195.464692
101.120494
-2099.779006
-5068.994259
-161.411791
7.655165
486.313879
1239.120559
-6495.407014
148.291308
591.964523
9.071097
-2559.012775
-70.314718
-9156.027267
12.889222
586.286968
-16.875970
3801.444493
188.280332
-227.797827
-1130.791189
122.173243
1032.733916
-4198.748769
9771.628297
-268.737499
448.677847
1116.415737
3770.629348
3289.212794
1203.664637
743.336786
3.836384
-1856.391441
-699.217309
1409.034980
-672.692145
-853.987810
-681.184274
-86.095695
0.276241
-722.656338
11024.497540
1358.685462
-2.104785
8979.630801
2259.321333
1701.092775
-537.815350
213.635409
-429.949328
101.688722
11047.711021
-550.510081
-688.222946
1710.224357
2818.778141
-50.706385
5363.494582
141.819657
-387.430143
-51.891718
1422.501483
1593.187214
73.111951
688.379853
-48.520209
-828.385739
1177.222248
-5734.400785
1253.424760
78.366125
2202.770512
8186.807510
141.617116
-2907.920682
22.187926
2189.149001
-11091.510707
1129.942957
-18.307456
1.985789
7177.903994
-1992.685578
95.291849
-164.087008
-65.637556
119.210934
76.096162
2787.493641
-4808.024229
-33824.213950
594.379476
-1907.374625
105.366649
-23.959938
56.870034
402.779533
-481.328716
-2531.138181
8025.068545
-3195.849381
-491.297985
70.639905
-165.487045
7773.099881
-5532.942565
543.015376
-1380.344158
5669.912415
-3350.513621
-1358.687706
148.290575
-6226.785127
-1474.667920
63.280500
-75.717676
-2263.118497
4873.744123
2537.400367
7236.650284
-3183.981601
-2395.004793
-6289.278344
72.014957
-865.190670
136.686311
14496.835983
297.543916
-22.245792
-14105.613004
-56.550770
-835.762276
-812.765441
445.886642
243.991858
-3893.743316
259.733486
2967.393413
14.115790
-208.723768
3994.668924
-34.616931
175.415664
731.470619
12737.858846
50.644031
-7031.273666
16315.138136
-18.174412
-31.240421
515.713931
-59.286825
-9509.046489
1121.881106
-555.836091
227.833773
-88.162219
-5316.928005
2284.959866
-345.609454
-96.220317
19226.202908
-1391.770257
1790.990182
3036.729399
-505.113050
-4947.979845
517.606743
-5566.791032
-15075.599371
9827.539016
27069.081308
1094.233674
-179.993717
-2994.691781
-124.632643
2785.400491
-29264.451569
-19665.769346
52.418143
6492.715270
-2255.809665
4247.984424
-4525.225661
2376.857819
517.251637
-688.926178
722.150601
91.538674
-142.996416
-23.882012
-14624.007323
-261.435153
850.090102
-12966.275632
18105.870450
-426.788107
-1460.617187
25557.366283
1474.618293
2042.113851
16959.440154
-3770.058316
95.309482
48.351740
-29915.091104
-666.826188
-1792.112178
-8418.293153
8487.868416
-2880.415149
-76.245147
-8700.354803
-227.883323
-172.913462
-1014.786956
2276.403894
-4672.758925
-10029.346055
114.688589
51.633018
58.629596
-6454.477899
-1.652421
2361.969583
523.574978
-3603.996306
-3563.417952
1134.753299
3370.858173
-13979.133328
272.116646
-42.621107
-4688.069878
-5584.082083
5840.261613
1329.397721
441.065623
94.405996
-4553.040827
-5917.023262
-528.770917
192.509585
17067.904662
3404.173126
-11784.259886
10844.848542
1241.370551
-336.800080
685.442838
10066.212961
-6153.636143
15816.225993
-3836.439688
-4220.630723
-12.985772
10239.758930
4647.795968
-1797.356496
-14325.218786
273.672349
502.363573
-1478.638441
861.378493
-1875.199540
-346.752924
49.036377
14725.825012
377.697945
6831.479882
-7235.492129
-181.062782
-29019.273673
0.379031
1124.084988
17822.662698
163.504974
43.540861
-17513.748225
-16612.596621
-4848.173088
-6771.272955
-23.680997
26017.713762
-4699.879099
262.055887
-8734.697329
152.264506
7297.364983
-1122.155074
3970.988288
-4077.726189
22156.533909
-952.458604
-1275.852083
13529.322035
76.018706
1035.223229
-3593.507912
1498.195945
-11334.617969
132.672854
995.366832
-3083.591653
-1505.574632
275.134864
-19199.560347
65.256172
274.890214
-296.209884
-36171.572250
17494.829823
-606.667461
393.029024
-78729.495473
-390.096776
175.681448
1096.097532
3817.383528
-27430.750896
70042.190077
-437.604180
502.187093
490.373270
-1392.531219
5768.630436
14.865127
-21918.887701
16478.301496
-1124.931781
-1629.093686
5.200370
4.905728
3218.796175
-35182.361755
23587.819134
20189.645846
-43.020280
6215.178048
-12364.602969
-25287.860489
3185.501394
-360.473499
19230.437440
3963.810273
440.998635
29.862242
-22.673928
-431.972746
-573.574019
23146.921259
-11036.210394
171.933485
1458.665547
-12986.976889
-57272.092144
122.888929
2585.566957
-6296.072015
-6.588196
-16621.490787
3041.729961
23386.201102
3621.220058
-6021.609019
4220.776870
26667.391217
-5614.156904
1776.823596
1156.472900
337.157993
13261.948885
-3828.141778
40961.146407
7827.642773
-102.841771
-2604.137326
631.997887
-546.414903
-127.775051
-177.913698
-77329.209599
-16.843655
-26292.472812
-23296.903846
-4656.576495
-24753.639314
-38853.190821
-1637.282023
6099.999825
11595.906236
-161.796849
29240.795489
-787.125305
1171.003326
4340.861468
-5172.972321
-5567.819846
-319.866234
-80.228111
-4625.884125
699.860899
11041.068088
2569.622656
-5574.962274
24356.165441
-1289.822461
-2377.122143
3151.022778
-16499.882784
2519.782530
100919.583610
601.054887
-29673.591030
-1391.623908
7685.605938
-5545.989671
2244.797418
-1397.542403
7069.333053
-5099.739689
-35.773879
-8256.938847
-3603.646904
-4171.153517
432.667672
3905.466166
961.042027
-5288.423297
789.688553
-308.047145
-5914.079921
7025.843244
1225.023965
9579.126257
345.843711
4579.980608
868.529500
4508.579204
-54891.701308
1251.641124
-48723.481633
-49350.631530
20.958821
317.209165
5216.771670
-91.397928
17322.072342
4346.533073
-1817.196949
-3043.512652
-4947.176170
304.808544
4231.592196
-58041.580109
-14216.887232
49896.450428
-10287.568049
-50917.817855
-6117.372139
-467.900417
1295.765737
15727.513871
-27243.541514
18214.219772
339.257504
351.395292
8526.245384
2114.168485
360.515248
16519.494343
101164.170031
1314.230539
46896.971864
16532.939772
241.544490
6088.766833
-12385.514852
3457.421779
-34424.021927
-23196.228431
-68319.801288
5205.756658
80976.827890
-956.096781
2572.957062
522.485574
3507.285034
-2728.301356
-60587.848420
9255.558108
-3401.857632
35958.838217
70245.751137
27544.689561
-20007.035321
486.779967
-16265.408151
-7395.902419
28240.516815
-78492.068488
37164.247373
-81419.440501
644.870345
-5021.798707
-12855.368989
23256.775768
-51282.956474
-45.736292
450.523828
-106799.609475
-12497.502732
-1888.021266
-5866.978555
-22606.641239
-3688.980193
47534.682662
-1515.760712
-36356.254881
1110.869247
3699.861720
862.701083
11574.922772
3873.045841
23153.625862
147.114029
-12284.798077
-2028.558352
-17267.363869
-28531.301796
-442.841296
25341.204200
-70.613925
-1720.366515
-1151.574957
123.463361
6894.365624
9209.051642
2689.654632
-46437.171828
18667.842025
59677.184679
5490.055192
66068.844702
-585.224581
14081.631389
-48977.822820
-23063.005989
-75.454017
25604.752370
5262.008838
18892.233054
4482.872193
32452.362170
-27103.304940
9656.644015
61207.611791
14627.008112
222.446460
-2998.092506
-14825.471050
9710.656481
33884.219348
6729.950419
-8.858143
109747.925595
-51920.695357
-20149.258224
11700.930193
-7872.086056
4829.541039
-7347.384167
-154.290440
36665.996380
-44121.424568
-1994.169216
1471.278506
-7100.928453
-5334.373826
-66748.797798
-2522.698386
2553.977104
9890.576373
67905.067911
-3843.600835
-25993.333805
-942.430013
-72731.397848
3741.202041
-10027.771274
-7272.572773
381.318500
4634.301588
-18681.445620
9618.245784
6461.667693
-5901.219238
-39620.744999
3329.871490
26206.585383
31444.226859
35923.109468
-15033.671227
3210.065289
9945.084835
46225.237748
48332.911314
107.043346
-23975.776530
-122096.204376
-10.679527
-31484.524025
3775.483704
-13744.207880
29601.897313
102.582961
216.500562
6552.868177
-37590.289037
121529.763871
-44.794975
1975.392259
3810.038650
-51370.089167
-13769.477243
-55392.439035
2200.654196
3050.158954
-11398.085024
-201144.507819
-25534.126621
62951.864874
15712.632568
-18021.106838
12015.511437
3418.056513
-26265.571186
30868.494377
28354.898286
23407.459028
68909.946831
-1398.571245
-20393.623955
-15470.273770
-569.172294
751.715772
-26135.172087
5535.944644
-21158.108472
1230.498523
-1564.907199
4799.258092
-196.534973
-5536.354186
2396.141502
10119.825137
-165.828777
5934.663318
7683.816541
9345.920779
360.098582
7733.306859
635.633893
-9542.308311
60778.066722
-9206.997051
-14786.746787
44216.865386
-763.582813
181.955636
-32474.579638
6247.894467
128.552458
5068.163133
60558.353362
23563.068897
640.709230
36239.042254
1882.252913
-961.406505
-1443.818173
-1339.064540
-22655.274883
-38470.706557
19.050291
-12309.692349
1456.167560
-373.127352
-31212.377378
651.642280
-2016.318162
-30322.007732
-7742.855764
103504.127353
-87759.373709
55517.879736
1490.577883
-107072.208444
5181.695442
-23324.011986
-12292.864889
-232689.786327
-630.591647
-14625.830790
81022.604670
79244.619601
-5135.187902
-41237.501860
9297.056431
-35908.192749
12910.547414
117875.115962
-228.026627
-40673.942897
73327.656447
361.213767
-101592.834401
8546.403993
-26359.602520
-14559.794413
-75008.567985
-24435.619059
6332.421357
6853.274439
-3078.192072
-42582.135351
160.623749
-96771.732810
-2818.491239
1266.746347
21021.112357
57712.007069
-10561.806848
6186.773200
22891.468262
20227.021956
-16581.942213
927.250832
-29827.294930
7421.178426
-279.199182
5009.573529
-16908.629715
-34973.963082
703.023096
-30944.073357
-81387.388240
-43210.571757
13001.237690
-5296.255229
33720.460866
156112.973620
24059.352438
22364.378228
3046.028253
-52392.827346
20557.352405
143896.823249
13802.504765
-104749.284124
16783.633901
1580.941648
-20616.172791
-52456.515225
3121.047779
893.961294
-134649.276295
76265.163290
44590.321663
-30339.426957
3672.029350
-739.073764
72180.990173
617.174173
-96155.977761
-91919.276580
-103385.062336
598.227125
-6025.177641
-21450.113769
-71557.910880
-21445.796352
38932.199588
-2636.382814
33513.654283
-36250.996002
-61395.307828
-50447.701704
38.440708
-53910.153985
-2083.118185
-5171.525300
-3743.733024
34676.757516
25645.752397
95700.376329
45618.594792
43731.827127
13457.825700
14198.810227
2352.415754
-3183.499874
-5132.370731
-9487.529558
-827.477079
23708.399269
-716.198104
98204.588062
-37.892754
-30301.924205
-57190.020431
-23.270365
3323.405395
18958.560509
48045.974017
-43873.436119
