0.000340
0.000338
0.000043
0.000043
0.000097
0.000032
0.001645
0.000095
0.000341
0.000160
0.000060
0.000066
0.000032
0.000694
0.000017
0.000027
0.000015
0.000035
0.000075
0.000014
0.000012
0.000028
0.000003
0.000069
0.000010
0.000055
0.000038
0.000008
0.000002
0.000004
0.000000
0.000024
0.000086
0.000005
0.000005
0.000027
0.000018
0.000004
0.000020
0.000005
0.000013
0.000302
0.000007
0.000000
0.000001
0.000006
0.000027
0.000019
0.000138
0.000010
0.000027
0.000005
0.000006
0.000032
0.000002
0.000027
0.000004
0.000027
0.000006
0.000015
0.000000
0.000003
0.000217
0.000010
0.000003
0.000005
0.000054
0.000002
0.000006
0.000001
0.000003
0.000003
0.000003
0.000022
0.000021
0.000002
0.000019
0.000005
0.000007
0.000838
0.000002
0.000001
0.000011
0.000004
0.000034
0.000001
0.000003
0.000006
0.000015
0.000001
0.000001
0.000002
0.000004
0.000010
0.000003
0.001411
0.000004
0.000011
0.000002
0.000074
0.000017
0.000017
0.000000
0.000044
0.000001
0.000006
0.000000
0.000000
0.000007
0.000000
0.000002
0.000003
0.000003
0.000045
0.000015
0.000012
0.000001
0.000000
0.000004
0.000002
0.000001
0.000002
0.000004
0.000004
0.000005
0.000002
0.000020
0.000375
0.000002
0.000010
0.000000
0.000001
0.000100
0.000004
0.000001
0.000000
0.000002
0.000008
0.000019
0.000005
0.000005
0.000011
0.000001
0.000008
0.000001
0.000002
0.000020
0.000001
0.000000
0.000002
0.000004
0.000000
0.000006
0.000000
0.000017
0.000005
0.000002
0.000016
0.000002
0.000138
0.000003
0.000003
0.000013
0.000001
0.000005
0.000007
0.000001
0.000019
0.000000
0.000026
0.000003
0.000001
0.000002
0.000001
0.000007
0.000007
0.000002
0.000020
0.000004
0.000001
0.000001
0.000007
0.000010
0.000013
0.000000
0.000001
0.000020
0.000000
0.000000
0.000007
0.000026
0.000006
0.000000
0.000009
0.000002
0.000013
0.000001
0.000000
0.000002
0.000000
0.000006
0.000000
0.000002
0.000001
0.000008
0.000040
0.000001
0.000000
0.000002
0.000103
0.000001
0.000000
0.000000
0.000001
0.000002
0.000005
0.000001
0.000002
0.000002
0.000005
0.000001
0.000010
0.000022
0.000000
0.000000
0.000103
0.000008
0.000002
0.000004
0.000001
0.000019
0.000001
0.000003
0.000002
0.000007
0.000001
0.000001
0.000001
0.000007
0.000000
0.000000
0.000293
0.000006
0.000005
0.000003
0.000000
0.000008
0.000001
0.000003
0.000001
0.000001
0.000001
0.000006
0.000001
0.000005
0.000010
0.000051
0.000000
0.000006
0.000003
0.000000
0.000001
0.000001
0.000000
0.000000
0.000001
0.000002
0.000000
0.000019
0.000010
0.000002
0.000003
0.000000
0.000053
0.000005
0.000003
0.000000
0.000000
0.000003
0.000013
0.000000
0.000038
0.000001
0.000001
0.000000
0.000000
0.000000
0.000002
0.000000
0.000004
0.000007
0.000011
0.000000
0.000010
0.000001
0.000005
0.000002
0.000000
0.000002
0.000001
0.000000
0.000000
0.000002
0.000002
0.000001
0.000000
0.000003
0.000001
0.000005
0.000000
0.000044
0.000005
0.000004
0.000000
0.000000
0.000000
0.000007
0.000001
0.000001
0.000004
0.000001
0.000003
0.000016
0.000000
0.000003
0.000002
0.000002
0.000000
0.000000
0.000077
0.000001
0.000002
0.000004
0.000000
0.000002
0.000004
0.000000
0.000006
0.000001
0.000001
0.000008
0.000000
0.000002
0.000005
0.000050
0.000001
0.000005
0.000001
0.000000
0.000000
0.000000
0.000006
0.000004
0.000002
0.000000
0.000012
0.000009
0.000001
0.000012
0.000002
0.000002
0.000002
0.000001
0.000001
0.000008
0.000003
0.000001
0.000008
0.000000
0.000006
0.000000
0.000001
0.000001
0.000000
0.000001
0.000000
0.000001
0.000001
0.000003
0.000004
0.000000
0.000000
0.000001
0.000008
0.000002
0.000000
0.000007
0.000001
0.000003
0.000001
0.000001
0.000000
0.000001
0.000006
0.000001
0.000001
0.000001
0.000001
0.000001
0.000003
0.000002
0.000000
0.000000
0.000003
0.000048
0.000002
0.000002
0.000001
0.000003
0.000000
0.000000
0.000000
0.000005
0.000078
0.000001
0.000001
0.000131
0.000023
0.000000
0.000000
0.000001
0.000000
0.000000
0.000001
0.000002
0.000000
0.000000
0.000001
0.000004
0.000000
0.000001
0.000036
0.000001
0.000133
0.000000
0.000006
0.000001
0.000000
0.000000
0.000004
0.000000
0.000018
0.000001
0.000001
0.000002
0.000000
0.000002
0.000000
0.000002
0.000001
0.000000
0.000004
0.000006
0.000000
0.000002
0.000001
0.000042
0.000002
0.000000
0.000014
0.000000
0.000001
0.000002
0.000005
0.000016
0.000001
0.000011
0.000007
0.000000
0.000022
0.000002
0.000001
0.000002
0.000001
0.000001
0.000007
0.000002
0.000001
0.000000
0.000000
0.000001
0.000000
0.000001
0.000139
0.000000
0.000000
0.000000
0.000001
0.000008
0.000000
0.000002
0.000011
0.000001
0.000000
0.000006
0.000009
0.000001
0.000006
0.000004
0.000000
0.000000
0.000008
0.000007
0.000000
0.000002
0.000000
0.000000
0.000000
0.000002
0.000001
0.000001
0.000001
0.000000
0.000000
0.000002
0.000002
0.000001
0.000012
0.000001
0.000001
0.000000
0.000002
0.000005
0.000001
0.000004
0.000001
0.000000
0.000001
0.000000
0.000000
0.000000
0.000000
0.000001
0.000001
0.000005
0.000000
0.000000
0.000001
0.000001
0.000001
0.000002
0.000003
0.000002
0.000001
0.000000
0.000002
0.000000
0.000007
0.000000
0.000000
0.000011
0.000002
0.000002
0.000000
0.000026
0.000001
0.000002
0.000000
0.000001
0.000070
0.000001
0.000001
0.000000
0.000000
0.000000
0.000001
0.000002
0.000001
0.000002
0.000002
0.000001
0.000001
0.000006
0.000001
0.000007
0.000000
0.000006
0.000001
0.000000
0.000000
0.000005
0.000001
0.000000
0.000000
0.000842
0.000001
0.000001
0.000000
0.000000
0.000000
0.000011
0.000000
0.000003
0.000006
0.000001
0.000000
0.000000
0.000005
0.000000
0.000000
0.000005
0.000000
0.000000
0.000000
0.000000
0.000072
0.000003
0.000001
0.000000
0.000003
0.000137
0.000001
0.000001
0.000003
0.000001
0.000001
0.000000
0.000001
0.000000
0.000002
0.000000
0.000002
0.000000
0.000001
0.000001
0.000003
0.000000
0.000000
0.000001
0.000000
0.000000
0.000010
0.000001
0.000000
0.000001
0.000001
0.000000
0.000000
0.000001
0.000000
0.000006
0.000003
0.000010
0.000000
0.000001
0.000000
0.000001
0.000000
0.000004
0.000001
0.000000
0.000005
0.000001
0.000000
0.000001
0.000000
0.000000
0.000000
0.000000
0.000000
0.000000
0.000002
0.000001
0.000000
0.000000
0.000000
0.000001
0.000001
0.000000
0.000002
0.000000
0.000242
0.000000
0.000000
0.000009
0.000034
0.000001
0.000002
0.000003
0.000000
0.000001
0.000000
0.000000
0.000001
0.000000
0.000000
0.000011
0.000000
0.000000
0.000001
0.000004
0.000002
0.000000
0.000001
0.000020
0.000000
0.000001
0.000001
0.000001
0.000005
0.000000
0.000000
0.000001
0.000000
0.000001
0.000000
0.000002
0.000001
0.000000
0.000000
0.000007
0.000001
0.000001
0.000001
0.000000
0.000001
0.000001
0.000000
0.000022
0.000001
0.000000
0.000002
0.000000
0.000000
0.000001
0.000003
0.000004
0.000001
0.000000
0.000002
0.000004
0.000139
0.000000
0.000002
0.000002
0.000000
0.000001
0.000000
0.000024
0.000001
0.000005
0.000000
0.000000
0.000001
0.000000
0.000001
0.000039
0.000002
0.000000
0.000001
0.000001
0.000001
0.000000
0.000000
0.000000
0.000000
0.000000
0.000000
0.000001
0.000007
0.000000
0.000001
0.000000
0.000001
0.000000
0.000000
0.000001
0.000004
0.000001
0.000000
0.000000
0.000000
0.000001
0.000008
0.000000
0.000000
0.000005
0.000008
0.000002
0.000013
0.000002
0.000000
0.000000
0.000001
0.000000
0.000001
0.000000
0.000000
0.000001
0.000003
0.000005
0.000000
0.000001
0.000001
0.000001
0.000000
0.000384
0.000001
0.000000
0.000004
0.000000
0.000001
0.000000
0.000000
0.000000
0.000002
0.000000
0.000014
0.000000
0.000004
0.000001
0.000000
0.000001
0.000000
0.000004
0.000000
0.000004
0.000000
0.000000
0.000002
0.000001
0.000000
0.000000
0.000010
0.000001
0.000008
0.000000
0.000000
0.000000
0.000002
0.000000
0.000000
0.000000
0.000000
0.000000
0.000012
0.000000
0.000001
0.000000
0.000000
0.000002
0.000000
0.000001
0.000000
0.000002
0.000002
0.000000
0.000001
0.000000
0.000000
0.000002
0.000000
0.000001
0.000001
0.000000
0.000002
0.000032
0.000002
0.000000
0.000001
0.000000
0.000000
0.000000
0.000000
0.000000
0.000000
0.000007
0.000000
0.000000
0.000000
0.000000
0.000002
0.000002
0.000000
0.000000
0.000001
0.000000
0.000000
0.000001
0.000000
0.000000
0.000000
0.000000
0.000003
0.000002
0.000007
0.000000
0.000000
0.000000
0.000002
0.000001
0.000000
0.000000
0.000000
0.000000
0.000000
0.000000
0.000000
0.000000
0.000000
0.000005
0.000000
0.000000
0.000001
0.000001
0.000001
0.000002
0.000000
0.000000
0.000008
0.000000
0.000087
0.000006
0.000002
0.000000
0.000000
0.000001
0.000001
0.000001
0.000002
0.000001
0.000000
0.000000
0.000021
0.000013
0.000001
0.000003
0.000000
0.000000
0.000000
0.000000
0.000000
0.000000
0.000000
0.000001
0.000000
0.000002
0.000001
0.000002
0.000000
0.000000
0.000004
0.000001
0.000000
0.000001
0.000001
0.000001
0.000000
0.000047
0.000026
0.000002
0.000001
0.000000
0.000000
0.000000
0.000000
0.000000
0.000000
0.000008
0.000002
0.000082
0.000057
0.000028
0.000001
0.000000
0.000001
0.000005
0.000000
0.000007
0.000000
0.000001
0.000003
0.000000
0.000000
0.000002
0.000000
0.000000
0.000000
0.000000
0.000001
0.000000
0.000000
0.000000
0.000000
0.000001
0.000002
0.000001
0.000001
0.000003
0.000000
0.000000
0.000000
0.000001
0.000010
0.000006
0.000001
0.000000
0.000001
0.000001
0.000000
0.000001
0.000000
0.000000
0.000001
0.000001
0.000000
0.000000
0.000000
0.000000
0.000003
0.000001
0.000020
0.000000
0.000000
0.000001
0.000000
0.000001
0.000000
0.000000
0.000000
0.000000
0.000000
0.000000
NaN
