0.000000
0.300611
0.847184
-0.206430
-0.851652
0.039296
-0.323648
-1.178294
0.254094
-0.942837
-2.795291
0.262918
1.175880
4.785096
-4.181066
-3.390720
1.419924
-4.634408
-3.652113
-5.862077
1.011476
1.343847
-2.612894
-1.237717
4.518292
-0.018843
4.295003
-2.176777
1.956877
4.233164
1.566881
-10.075658
-2.191660
-8.774804
0.077019
-3.868993
-9.412545
-13.113606
-11.610451
-17.292327
3.896135
3.367637
8.264294
18.058571
4.079535
-10.395383
-3.959222
11.873245
2.854440
-8.470588
15.171315
-4.304213
-1.167585
6.059393
-25.889742
0.787208
1.705911
1.209476
-7.410467
28.086674
10.821194
-15.644102
5.052180
-2.265801
-3.904563
-5.500266
6.503028
-26.543257
3.688079
6.586398
12.509250
-11.460167
-3.843833
0.554567
14.815515
-17.440625
5.262175
19.443954
33.127789
15.436465
-22.062372
0.476121
31.901263
6.931069
0.165097
44.489447
-6.192832
24.507679
-0.780341
45.250750
23.203411
5.306235
-3.580339
-18.057376
15.502998
-1.411111
1.519599
23.540255
2.131627
0.249970
5.335108
23.188031
35.884544
1.550775
-4.137739
-14.088876
19.255332
-18.709069
-20.375451
-0.009793
1.043466
-2.361284
3.110947
-1.072109
32.853143
6.771884
0.783289
13.517602
-3.290578
11.677658
-3.389216
1.246244
8.989908
0.807812
4.166959
-12.218870
33.256858
11.355864
22.004815
-30.093974
-1.132564
-14.161026
-8.874678
-31.488033
-22.182321
-9.147794
0.775910
4.741832
19.663074
-6.313405
-9.315471
-78.334581
4.313500
33.722125
-8.283291
-23.406951
-10.344036
19.412237
-4.664182
-5.546508
-79.680822
9.868296
-19.579511
28.149097
-3.518225
11.596234
6.442911
-4.506109
-59.913783
57.049562
16.232726
21.997593
57.437629
-3.684886
-13.035109
31.895795
7.093225
-26.988552
-6.225141
3.714752
-48.158673
-0.792606
54.730859
-50.831896
-14.713449
15.973216
-1.647268
-17.922584
-23.943772
31.753532
-0.167516
18.558752
22.906954
-0.960678
21.315788
-38.405604
-28.348406
-0.646735
21.264765
68.423528
44.130364
17.143391
-9.973342
19.341945
2.963049
22.168517
-20.271097
43.317399
41.772966
-4.345444
149.610308
-73.698109
17.079809
-24.386404
13.120200
-56.602731
2.319824
30.452281
-31.817797
18.799042
6.907559
54.909584
24.147097
-183.487247
-23.445685
-50.870604
4.881186
55.097677
6.896401
-16.496168
2.010758
-101.172662
8.935109
-175.350705
91.982279
69.768218
40.869399
56.567219
67.899948
16.021571
112.862972
-201.710863
-4.904388
-25.434478
18.994862
-2.683706
-92.334161
19.108872
57.513386
-27.167054
44.327910
-17.977595
-13.598916
4.202923
-20.613678
-127.088577
79.324083
-96.945003
-40.337978
1.736392
-22.880081
53.027261
32.996564
204.497825
57.681784
-9.568847
39.413932
-10.702396
0.419137
-4.902263
76.162495
38.796749
118.445889
-2.763871
-100.508690
-5.620633
-110.561988
-47.741952
123.304802
41.928686
-101.526976
-2.465374
59.278857
-11.517514
-92.196186
49.727936
172.396731
-96.544214
115.743804
-92.818288
-1.408590
-4.156295
19.645078
9.939626
-32.151383
70.895903
-43.656772
-26.510224
138.024109
22.614465
64.270895
-44.844624
3.979784
-102.123309
-81.552936
-87.308141
-132.344709
-27.377949
13.708772
-125.283280
0.629496
-79.810702
-31.676509
-106.965349
59.287934
76.011393
-25.491361
-77.138417
6.390692
-76.520550
41.949368
-7.838119
30.876541
-115.405189
96.318609
-17.358171
220.924250
7.269374
100.706398
-30.371090
-53.825224
39.409311
-40.914828
23.296785
108.141242
-45.951914
145.175464
-35.899066
145.648346
9.960662
-109.697895
-98.165336
-4.551785
94.038746
-67.475747
-37.411563
-113.079282
3.554957
-68.727375
-7.980868
-82.836954
-14.993282
47.390362
-1.446359
97.345839
-64.819459
112.721282
-33.388747
1.844377
4.349867
-201.649526
25.863890
-139.289567
134.710649
16.268645
-21.955289
-92.161175
61.850213
-31.305055
94.655616
-1.987384
129.885872
-8.742007
-3.291013
21.979934
-3.565035
-0.628837
107.142228
2.886341
-30.051283
29.970400
-47.023802
-46.111339
-15.372990
119.472907
-6.414649
112.158604
180.787271
-31.080198
0.720668
180.691824
-84.078262
20.611294
55.468216
90.828022
-30.102896
215.747444
-76.486319
8.223989
-100.092205
-310.219477
68.256713
41.938488
18.987553
2.555972
-52.196115
30.077798
-66.020259
-100.139858
-11.389262
121.988475
71.838789
15.276678
-29.851350
142.814602
-37.626693
-55.378692
20.230345
106.019737
-68.356126
33.302177
41.526523
121.647520
-114.828528
-9.775348
193.461864
-29.667642
8.013420
59.748556
31.457059
44.443912
24.604650
-104.609266
-8.820807
145.657356
-144.006681
10.858370
-69.414063
30.868762
3.655608
-9.474318
-142.824962
93.018243
-90.134313
-18.640788
27.112844
-18.679912
-5.843700
-29.781653
-110.592445
2.081345
0.286832
83.553771
118.651377
-124.149604
-5.161139
133.970925
57.663808
9.632065
140.342401
-182.964414
-135.788216
126.180089
-250.257940
119.696378
20.766708
36.082068
-78.891180
73.185294
-11.703862
34.026743
18.482376
134.516105
-97.240309
-67.437384
205.555483
-20.305416
-91.494178
108.815673
-66.925168
-81.707813
17.419357
-30.030950
-70.043575
0.890467
184.914903
53.413993
-68.394327
23.750843
-225.115281
-33.664488
-32.822102
-19.517163
8.566453
-150.749369
-76.472050
-121.642632
-37.528410
181.726332
-77.660149
-92.505471
-150.150580
-185.048989
-102.048575
-4.974739
211.525963
-84.084656
-19.854012
132.592265
90.816242
-220.130474
-99.751198
16.547647
-51.967127
-60.806288
-5.772080
136.193811
255.083592
86.759046
34.148528
-41.462501
-98.638233
250.875144
163.124603
-115.446599
-192.807382
-43.116204
61.354459
-172.104652
-58.562296
0.369323
-67.077824
47.754428
-242.102058
-5.966623
-62.728803
38.376000
-106.783229
-242.014773
-137.035531
-116.547120
-24.007805
57.414070
119.962105
-260.245816
-230.549646
72.755330
167.894765
76.822124
-7.899962
-31.682666
-57.294481
63.312272
110.294694
-307.161258
-308.446351
94.143888
-53.687138
-50.011155
363.720862
-71.884364
-147.781284
-193.955739
53.468326
11.765775
-108.949122
118.420844
-0.706040
-33.535894
27.366886
311.310753
40.338345
0.974754
68.031837
242.784075
9.554069
300.541116
-12.162396
71.575512
21.465923
162.232182
95.909010
-13.643569
65.924972
51.891262
171.467972
58.895968
153.384057
-79.752544
-167.451904
-244.534000
124.829001
37.797990
-313.611089
10.315977
69.450193
25.554556
286.846161
31.622839
398.697184
-3.674528
10.754322
-432.967388
-10.267267
93.121099
-85.373437
-283.967437
-5.562267
-201.015981
-81.844910
-88.826998
-95.845699
20.375682
59.619127
-218.839581
-37.332072
55.962919
14.457531
59.528934
14.572809
17.343489
-1.410490
286.489525
254.791059
143.908589
352.995142
88.783331
-215.219854
2.244694
226.442299
279.281513
215.624549
303.998079
-103.158495
185.631218
145.992413
-109.056553
-316.992964
63.267566
-89.826098
-12.987425
308.026576
26.090856
-16.201202
-34.255057
5.065732
49.553357
240.656443
-85.111627
280.239344
-68.010612
128.894918
205.839351
168.894974
55.553899
-113.219993
51.777667
122.538706
53.809311
44.369287
-60.690852
3.479546
-306.180843
275.650438
65.759844
-33.606283
145.462630
-52.637072
227.538226
42.371762
183.724077
0.869838
-233.776742
34.805850
-331.186822
165.090835
173.674958
80.617489
121.028360
-34.447034
-5.653960
-93.502298
-45.192643
158.974911
217.090241
-0.746803
-3.024960
-176.863512
-176.380292
-13.441406
19.325812
100.387174
103.043724
-120.709442
-156.134053
-114.729386
-111.781238
-142.385235
10.646891
-136.539366
-251.687872
71.896621
286.965976
27.224208
159.765533
7.001792
-50.474150
-88.286128
-46.593407
82.802842
-4.772424
-9.644153
261.656721
154.190052
202.699818
-178.552131
-93.956535
10.797489
209.991234
35.018347
263.987426
-40.817706
6.602917
-165.644371
111.454274
-12.537856
-37.172935
293.382059
17.244991
179.530360
-61.231431
57.743974
-147.909983
277.992416
207.928829
-238.028486
568.900141
40.581740
82.363077
439.350351
-129.540981
-95.744994
12.346501
-208.784581
-81.302337
185.760101
-146.504785
-128.440827
-356.731430
148.883822
-106.526814
3.411710
-196.138398
138.821433
44.924940
-152.828506
-74.271517
65.643057
116.488940
-139.068371
-7.888856
-275.537591
-104.910002
-45.850457
-127.546396
-32.251538
125.694177
-285.103095
140.856346
221.953359
-38.501742
-87.605671
84.461501
-9.072910
-19.872949
-12.413343
41.294996
16.450611
29.095771
98.232966
221.257055
29.296887
-354.227148
-114.484007
101.021485
-261.968758
266.271548
20.988228
-22.617797
-18.673769
239.838281
44.007457
-201.465240
374.178279
12.679546
-381.286298
-532.065574
20.381357
19.046806
-20.470548
-199.769512
-14.054953
-56.050490
203.477794
2.315132
39.556546
-3.838438
325.043902
-89.939382
-39.810573
14.936567
221.826154
-73.823068
124.241757
-481.198566
-40.436329
127.925594
-309.622772
-103.147774
233.979398
-197.384952
12.348784
458.892625
-0.137557
297.315675
87.105243
-75.368988
95.953691
321.580414
43.449806
-52.164096
-366.629501
4.643808
-118.587624
-2.370909
47.003345
-31.918888
-87.648513
132.263911
-43.719471
219.274073
91.837907
71.459262
242.260907
73.738585
53.090043
-120.446243
-239.169548
295.687182
-350.085155
-10.645218
13.714642
283.813687
331.401101
-32.601282
9.501648
-283.338638
-364.494208
-106.267049
-266.317212
423.773871
-139.976572
-6.929439
143.834994
-81.233684
346.447641
158.357545
-0.177308
124.383134
-285.228255
265.134317
200.321217
20.580269
-18.824642
-11.506447
-31.360974
243.204018
473.393018
-213.421976
78.015290
9.970491
106.216397
215.990852
121.032677
-266.838815
43.944118
106.070642
83.391266
141.846550
193.615159
149.280585
-107.502088
30.053148
-0.458557
-41.823382
189.307395
-54.617724
-410.985358
-247.175680
4.451266
282.179680
-284.901215
237.101218
246.125890
-59.383986
154.562919
-242.738543
16.691390
30.434131
-80.158647
399.728942
469.714462
193.961642
-359.690696
143.980800
-105.360938
390.519251
28.079447
106.563583
-7.818159
390.426580
-55.790556
-12.561721
487.078177
-8.612885
-24.526749
35.663543
325.244048
-594.111121
-3.677879
238.665733
-68.397723
22.152847
253.238251
517.253419
-91.744690
-161.785459
-367.727438
-58.242503
-97.353422
-25.926108
-17.249827
222.904782
-382.222894
-12.907216
-39.771487
-22.056046
34.616827
-202.241417
360.644275
-208.917605
-229.127282
272.292446
-173.871072
-12.229287
215.662378
422.995491
127.167668
-33.567712
33.610554
-299.242056
92.484989
450.361576
-344.318854
80.473210
-488.268123
105.857963
-8.326594
-21.131822
-33.022387
37.788145
-4.576312
66.210683
122.994836
103.319620
5.607918
100.541087
39.377479
86.508608
190.670068
-17.202512
-57.403124
-302.559707
460.899501
-108.051985
468.881692
-140.344264
211.921630
-4.176502
13.434785
-160.567956
66.182360
-38.999064
-246.767679
245.227508
371.300927
127.734275
305.376767
413.546819
-321.292519
109.353357
12.245195
153.260838
-459.637569
-193.740155
-34.540663
87.835347
52.997391
53.599922
-16.304952
177.247292
-82.906909
-157.611352
-6.215380
5.172206
141.163924
369.466048
142.779242
199.773812
-278.626814
112.690755
-21.586792
-43.039085
81.681967
-417.473255
-744.488735
-436.372214
-53.571271
18.559904
272.620218
-125.844106
529.907316
111.122236
234.559049
17.098247
