0.000000
0.275620
-0.038336
0.184542
-0.494149
0.824188
0.034696
0.088182
-0.377235
-1.335701
-0.253587
-0.001543
-3.281480
-1.228978
0.459610
-3.179657
-1.615519
-4.933464
-4.003395
0.063778
2.483000
2.884657
3.520913
14.204513
2.954654
1.450183
-0.213583
-1.531713
0.964184
-2.188775
3.974773
5.846883
-1.999143
10.682977
1.754331
-13.935967
-5.090939
-2.738896
2.064387
4.208874
7.434781
-7.417152
-12.097949
5.791629
-0.479631
-11.246575
2.432674
7.405406
-23.531022
-19.417727
-0.420720
9.636914
5.859171
24.792432
-7.294003
10.652788
24.060732
10.010158
2.058837
-21.699716
-8.899903
-22.596707
24.438947
-18.503972
-16.942124
-38.798471
-11.461830
-1.168649
26.887046
-22.717673
10.029570
0.460414
-16.371437
2.877247
-0.203817
8.489219
4.622291
0.015625
-1.113545
1.670092
-4.431784
-1.262666
11.663664
27.676563
39.244233
-3.215631
9.095735
-0.042777
26.020121
16.872694
16.417449
-1.711838
50.510138
4.470022
6.292437
-14.265656
0.419534
-7.284787
9.836059
1.532716
32.029997
-3.414227
-6.175904
-3.529968
37.200524
-33.333251
-71.377780
-2.351084
0.766399
-6.471975
-0.612313
2.388119
-1.416284
4.207826
-26.936582
38.547034
-24.363527
33.107658
-23.454376
31.078065
43.616289
46.179520
52.995717
15.418901
-26.107840
-16.949476
-47.308125
-32.835766
-15.454285
39.084953
5.498329
-2.277868
14.856522
0.146630
-1.645687
-39.008410
-7.641356
-14.735297
-31.504954
-6.381692
-29.567691
-32.411882
-15.258641
-52.821610
46.050469
6.080091
-17.498084
-10.289535
-40.927089
78.943727
4.232052
-30.675284
44.711190
-3.596470
14.241036
-48.511613
2.869197
17.333111
-67.610604
-48.915894
2.972976
-23.266126
7.062098
-32.516703
30.960203
10.077394
-2.065132
-20.388539
-0.601028
-65.991346
3.746686
12.633946
3.866601
-45.907074
-88.910340
117.104738
-22.615416
10.514538
26.853445
20.187632
34.379700
10.045969
-45.708582
-20.694394
-15.225087
-1.454198
-9.344681
-39.779073
20.540643
5.247854
39.565274
-29.664272
48.455801
11.889797
-7.352630
3.558881
-50.819930
-39.728993
-42.073483
-9.278047
-37.334678
-4.417761
-69.315976
-1.335835
-6.915703
-0.478810
88.590110
-3.963506
2.804240
-29.965801
3.844819
-11.349101
72.069334
-16.476838
-14.891413
-66.534463
-34.071743
-4.958043
-53.071517
106.348234
4.931178
-37.056656
-73.332660
-52.561227
-6.548914
4.693340
-10.465571
102.776137
-136.496161
12.592880
76.502902
-81.585347
34.640509
-32.868211
-97.278861
51.624614
2.369792
28.555734
57.324073
-37.099223
88.033008
90.518275
-1.220216
-109.646758
172.982862
59.344910
30.134414
5.149431
-1.335450
1.117736
35.923804
-42.081152
46.430145
-59.883046
23.078121
-4.944279
36.835076
8.843416
11.786725
-0.516321
29.407996
-7.780014
-12.682909
-60.991456
-142.712517
-161.848353
18.647863
31.413560
45.762400
-171.811891
-75.454980
149.383044
2.948656
-15.506853
-10.987617
-102.763620
-18.944047
4.287300
133.142746
-82.824886
19.484055
-53.558341
-178.161434
82.957233
-27.699343
0.415917
-28.675582
86.708738
-13.139881
67.821897
-25.180642
34.065880
65.874706
93.005055
1.482645
8.307589
-3.859266
115.431246
-94.687508
-12.492411
-2.196664
-129.952153
-48.108883
21.812574
-22.242634
19.000578
158.439035
-10.652714
127.079581
-0.888802
-22.489360
27.972496
-38.088966
1.599883
10.852397
29.571068
-8.930779
-10.946804
1.054930
-23.471302
-76.280849
-4.954794
107.714336
-128.286242
-89.608274
-43.972726
-10.834315
-99.506958
-49.199779
-7.819597
-13.053366
-8.535522
-36.431146
-0.180803
105.160799
114.272338
-2.128199
-9.678649
5.775279
9.981356
-107.037263
35.348848
76.005368
-23.491034
14.706428
176.934983
-94.156651
-191.901342
52.254094
-24.339199
4.203892
174.921255
-89.925371
55.393565
26.212385
-59.617378
-6.247792
53.014021
-96.501937
59.834326
-108.639623
0.944635
-66.725408
-106.602584
7.056960
42.937756
-33.306732
-49.118837
-41.116209
-21.294340
12.415360
-20.373886
4.918285
3.324098
4.264480
-85.455417
144.292148
-40.688719
115.061013
-30.439081
-99.961463
-14.387493
-8.662645
-106.635690
-56.822521
75.323342
-139.891323
4.960420
-5.075403
4.764679
63.628346
-314.205955
35.918580
-93.769162
168.294770
79.604437
-98.456530
-66.935658
-9.044469
33.118220
29.530666
18.860572
16.768857
-33.445105
-11.299962
8.483840
-100.605644
73.498818
44.421993
-78.980167
161.610597
-99.012125
27.476687
-126.336658
-0.789564
16.861418
186.441799
50.651929
44.221335
19.133548
41.214195
43.794091
-121.414587
174.837236
94.536994
35.200826
-4.807394
-15.748461
-18.048931
200.286250
-8.822114
170.216681
132.733995
-275.390466
12.957711
38.140697
21.491647
38.000682
-242.372431
-56.819801
-8.849483
8.872069
-115.624696
-202.199965
185.431381
106.926684
5.929241
-81.190270
90.776006
39.356372
67.258534
16.301077
56.010242
67.588820
-72.458576
-70.938153
-75.426409
-66.654722
0.730722
132.442450
-86.692322
-277.951446
27.092019
0.637598
-110.301959
24.745313
-38.157647
51.557345
112.254546
-2.493982
-252.104998
30.602282
53.784581
98.773256
-52.723564
-228.159729
157.367197
-8.522040
176.121513
61.634632
46.472525
-35.935999
34.045396
77.842734
68.872325
-41.468856
11.842045
-4.359142
9.424128
-193.060822
-122.495289
112.429081
24.463056
-78.611084
-118.364247
99.467405
37.678243
69.897191
135.079622
-114.229400
132.644061
20.944463
-7.411042
155.624991
-63.813114
-142.721636
7.509678
0.478721
80.219539
-200.201009
-102.206355
178.969781
-129.215261
-105.827616
80.325080
-15.879271
92.455851
-123.746687
243.855843
171.408159
-48.381018
56.100682
26.233191
9.904559
-15.475178
-215.054859
69.155887
8.008997
-24.114220
-18.175705
71.064893
104.869756
0.052261
130.009059
77.879174
-4.682650
24.960510
83.987539
115.267056
-12.290223
44.051624
148.316399
96.933042
19.334849
2.108762
22.538416
-6.287008
183.905916
-279.527647
16.398718
-208.630551
13.588823
-40.672273
35.754471
1.620781
-6.787291
-122.732051
-123.666298
-308.929794
216.426044
-215.593076
176.278590
22.100394
-53.841058
22.143196
-191.212103
10.466860
76.168900
-180.926261
39.702411
35.666414
7.020975
-66.739897
-48.064142
215.498756
50.875137
63.496410
120.299569
0.988128
-42.376088
-33.518600
-11.750190
161.876250
66.564155
88.595296
124.784977
71.735990
-170.944689
-152.999430
175.629185
18.869225
319.781202
-122.222474
-193.344262
96.759130
-93.525602
-69.085280
92.355618
-89.327222
54.216229
-55.421654
4.133439
92.128880
-93.191989
51.899045
-2.931932
96.872609
-50.999416
244.461442
-47.125715
-83.511715
20.127988
-9.669036
-23.515910
-111.360568
162.242667
58.873143
-5.784221
-35.179016
-300.257442
1.681433
11.782677
237.123769
133.248551
-303.672180
-5.213063
27.269384
89.432108
-90.816528
3.312449
72.147073
167.179431
-208.253477
27.695180
54.335913
49.654537
153.837216
-156.195618
2.773172
3.139792
-5.821733
-1.980672
76.575091
-58.544388
-35.863872
234.653188
-0.815455
253.601014
-105.965466
70.161481
162.859972
256.891601
266.431025
33.560756
-310.799971
199.739367
-5.402503
7.112280
-43.578529
-306.768302
100.251954
202.863856
-111.261802
-218.218596
-5.427474
76.120048
40.792728
374.528449
-107.577891
-72.751268
139.720195
350.325486
21.215605
111.407013
2.475606
-230.268122
190.426329
74.275747
46.511492
91.838229
-138.926116
101.462539
-130.595770
14.661253
26.048225
25.516510
-84.179930
18.696996
-24.530548
0.786657
257.129184
-50.483379
-79.462621
252.219584
-73.223830
-175.224645
213.365239
296.903333
218.233825
227.317395
237.938597
153.434813
-67.282911
-108.321620
492.810197
132.299449
137.505874
25.991001
-156.931384
76.405824
524.437214
-169.165718
-3.545624
113.633177
-118.679163
-184.937882
2.725134
-37.039308
24.178490
215.093776
67.978241
-56.412325
1.153286
31.926381
-12.071819
13.317211
204.262447
-169.003498
-25.842152
-175.905775
436.884493
74.227118
-66.491503
168.618350
310.651501
-257.516419
-11.250576
-38.689678
52.754425
8.931583
-17.119160
-112.808149
73.797841
-89.006391
133.926958
-130.532266
-89.901955
-30.754353
175.639806
-326.462791
-62.245225
439.664596
-320.009825
-117.864598
27.616672
40.917852
12.247313
-275.128565
-313.313406
63.578688
406.532390
10.249612
-293.665268
294.136871
-309.960940
119.293166
-481.114878
-80.642690
315.159535
22.060879
61.869535
36.435926
70.664345
-22.561170
91.129827
14.354673
284.024905
-5.723538
-198.128420
-150.366144
217.158381
-375.787135
420.680935
187.447948
339.592334
148.269860
308.094176
602.160860
10.478292
24.576785
-149.218488
229.662084
-277.088176
9.438468
324.079367
15.379989
-271.283467
179.619027
42.382721
11.602677
63.924688
0.828565
-199.059250
168.372894
-67.938945
424.308681
-141.313026
344.780376
-12.281118
222.596794
-29.283340
-165.438522
10.414415
-218.940627
-206.540291
25.743748
94.292158
158.987343
-11.696788
260.217779
3.461760
-23.616381
59.776867
-73.815109
-19.155257
-324.427673
120.525314
35.527582
-188.029962
-105.717098
-0.473177
-82.296735
15.284792
246.441143
-402.095113
257.602026
67.088032
124.386688
8.774470
-88.839956
-268.460989
298.979732
-246.413303
-29.441089
-42.216756
139.398095
-64.231336
-33.006473
122.563188
-9.852158
-31.863926
-149.317528
129.173601
-18.766243
11.974318
-84.985533
93.332744
247.765670
-25.595890
134.711606
56.657397
34.540552
40.060963
329.846996
54.615547
110.114509
-342.660398
196.116879
176.789572
332.164623
43.255753
-64.019626
-96.133053
-5.509701
264.379955
-434.740896
377.859705
-24.354766
-267.016865
78.717682
178.940963
0.870273
-165.092324
150.658275
200.050416
7.906964
-339.032371
177.714635
23.518523
-23.858133
-485.967134
116.441075
-33.346931
35.187689
-234.725590
101.832716
-194.800188
-226.280489
-422.272963
-3.068108
66.461590
36.359204
6.377530
-57.311208
71.508736
-126.677865
-235.716299
278.593625
-31.787317
-13.464456
-146.947315
-264.734642
-137.922826
270.710527
-2.563559
-34.353199
-201.051015
-27.818503
-598.030805
-31.053693
-134.290851
-217.773634
215.711030
116.494627
-331.799499
-23.861011
-328.578403
48.668264
278.832263
-178.896386
-167.112966
490.750587
85.439781
-30.569709
9.244632
-438.306097
188.011978
33.500964
31.546252
72.010727
-187.413316
-88.698207
-147.910993
-60.594800
53.901085
-104.760288
-160.773730
320.654311
97.034960
34.175740
41.636221
414.767417
10.205715
-184.598754
92.645587
153.086715
43.128443
-230.475284
-35.472762
-13.613703
326.903215
-234.478367
273.506830
-435.432996
-113.847156
-86.908128
-204.549855
7.289845
89.336365
56.710172
-377.879986
-161.927341
28.443344
297.089530
-197.129152
-143.707124
41.314980
-88.868217
-325.575297
172.507684
-235.253943
5.388778
-632.197109
0.398408
-113.310050
236.337880
-160.321388
-12.157144
-255.122742
-210.923687
-230.530966
-53.929585
321.232192
-271.657241
-8.230674
-119.896093
-160.918100
-283.969166
-141.254261
156.245375
138.905404
1.339463
256.356637
26.684683
113.602291
43.425084
-7.504152
-239.325571
2.533807
-133.884760
2.076606
-439.859311
4.202482
182.403917
184.908201
-33.208340
511.800463
389.974138
380.714190
131.106494
80.760206
-10.725237
0.830603
105.274954
304.574405
