0.576231
0.808848
-0.021888
-1.345801
0.863484
-0.288952
-1.090112
-0.123141
-2.278538
-3.048878
0.261375
-2.105600
3.556118
-3.721456
-6.570377
-0.195595
-9.567872
-7.655508
-5.798299
3.494476
4.228504
0.908019
12.966796
7.472946
1.431340
4.081420
-3.708490
2.921061
2.044389
5.541654
-4.228775
-4.190803
1.908173
1.831350
-17.804960
-14.503484
-15.852502
-9.546064
-13.083453
11.330916
-4.049515
-3.833655
23.850200
3.599904
-21.641958
-1.526548
19.278651
-20.676582
-27.888315
14.750595
5.332701
4.691586
30.851825
-33.183745
11.439996
25.766643
11.219634
-5.351630
6.386958
1.921291
-38.240809
29.491127
-20.769773
-20.846687
-44.298737
-4.958802
-27.711906
30.575125
-16.131275
22.538820
-10.999753
-20.215270
3.431814
14.611698
-8.951406
9.884466
19.459579
32.014244
17.106557
-26.494156
-0.786545
43.564927
34.607632
39.409330
41.273816
2.902903
24.464902
25.239780
62.123444
39.620860
3.594397
46.929799
-13.587354
21.795435
-15.676767
1.939133
16.255468
11.967686
1.782686
37.365105
19.773804
29.708640
-1.979193
33.062785
-47.422127
-52.122448
-21.060153
-19.609052
-6.481768
0.431153
0.026835
1.694663
3.135717
5.916561
45.318918
-23.580238
46.625260
-26.744954
42.755723
40.227073
47.425764
61.985625
16.226713
-21.940881
-29.168346
-14.051267
-21.479902
6.550530
8.990979
4.365765
-16.438894
5.981844
-31.341403
-23.828008
-48.156204
-6.865446
-9.993465
-11.841880
-12.695097
-38.883162
-110.746463
-10.945141
-19.099485
37.767178
-17.326860
-27.842120
9.122702
-45.591271
73.397219
-75.448770
-20.806988
25.131679
24.552627
10.722811
-36.915379
9.312108
12.827002
-127.524387
8.133668
19.205702
-1.268533
64.499727
-36.201589
17.925094
41.973189
5.028093
-47.377091
-6.826169
-62.276594
-44.411987
11.841340
58.597460
-96.738970
-103.623789
133.077954
-24.262684
-7.408046
2.909673
51.941164
34.212184
28.604721
-22.801628
-21.655072
6.090701
-39.859802
-37.693087
-40.425808
41.805408
73.671382
83.695638
-12.520881
38.482459
31.231742
-4.389581
25.727398
-71.091027
3.588406
-0.300517
-13.623491
112.275630
-78.115870
-52.236167
-25.722239
6.204497
-57.081541
90.909934
26.488775
-29.013557
-11.166759
10.752378
43.560483
96.216431
-199.964085
-38.337098
-117.405067
-29.190557
50.139634
-46.175116
89.852066
6.941936
-138.229318
-64.397551
-227.911932
85.433365
74.461558
30.403828
159.343356
-68.596213
28.614451
189.365874
-283.296210
29.736121
-58.302689
-78.283999
48.940908
-89.964369
47.664606
114.837459
-64.266277
132.360918
72.540680
-14.819132
-105.443835
152.369184
-67.743667
109.458497
-91.795572
-41.673428
2.854128
13.043723
10.946109
79.426709
144.614779
80.759905
-14.513126
76.249008
-1.858980
12.205862
-5.418584
105.570491
31.016735
105.762980
-63.755327
-243.221207
-167.468986
-91.914125
-16.328392
169.067202
-129.883205
-176.981956
146.917670
62.227513
-27.024367
-103.183803
-53.035684
153.452684
-92.256914
248.886550
-175.643174
18.075465
-57.714636
-158.516356
92.896859
-59.850726
71.311820
-72.332354
60.198514
124.884228
90.436362
39.090253
-10.778744
69.854490
-9.118254
-80.070291
-79.000552
-136.203975
88.053297
-80.978736
-137.775691
-1.567168
-209.762855
-79.785392
-85.152775
37.045300
95.011971
132.947674
-87.791131
133.470273
-77.409352
19.460008
20.134377
-7.212425
-113.805306
107.171006
12.212897
211.993471
-3.677430
101.761328
-53.842392
-130.106073
34.454517
66.799508
-104.989457
18.532968
-89.924640
134.341149
-135.406024
96.448567
2.141065
-122.751261
-106.700858
-40.982931
93.857943
37.685052
76.860775
-115.207481
-6.123692
-62.952096
2.000488
-189.874217
20.355566
123.395730
-24.937393
112.052267
112.115524
18.564631
-225.290089
54.098471
-19.989332
-197.445634
200.785145
-229.214938
190.104214
42.481030
-81.572667
-98.408967
114.864234
-127.806992
154.489942
-110.627007
130.830507
-75.467415
-109.893597
29.036894
39.372721
-33.935569
58.023391
-38.229868
-51.345623
42.385760
-67.397688
-41.193054
-12.048892
123.737387
-91.870066
256.450752
140.098552
83.980815
-29.718413
80.730361
-98.465755
11.948649
-51.167474
34.005501
45.220446
75.856121
-71.525899
3.148586
-95.327526
-246.591131
-245.949242
77.857068
-74.781609
170.850742
27.408322
-68.378732
-132.955917
-109.184327
21.728958
151.519141
90.699361
32.045535
-63.296455
131.514640
-29.142853
-155.984336
93.729163
150.441730
-147.336293
194.912774
-57.485602
149.124207
-241.165186
-10.564912
210.323282
156.774157
58.665349
103.969891
50.590607
85.658107
68.398741
-226.023853
166.016429
240.194350
-108.805855
6.050976
-85.162524
12.819831
203.941858
-18.296432
27.391719
225.752238
-365.524779
-5.683077
65.253541
2.811735
32.156982
-272.154084
-167.412246
-6.768138
9.158901
-32.070925
-83.548588
61.281777
101.765545
139.900166
-23.526462
100.408071
179.698773
-115.705880
-119.487139
182.190331
-182.669120
47.237802
-50.171445
-39.344341
-145.545902
73.916016
120.738588
-52.665579
-259.469070
161.608124
-96.602711
-177.739343
230.300796
-58.463063
-39.936833
221.070219
-69.419150
-333.812811
48.021639
23.753631
28.729681
-51.833097
-43.244826
210.781190
-76.916367
199.872356
-163.480649
12.808037
-68.758101
14.528233
86.409187
-81.877044
-117.940906
-109.800587
-41.887552
191.150460
-270.720971
-215.000760
-37.721499
-160.585933
-180.659659
-123.338986
310.993368
-46.406413
50.043179
267.671887
-23.413158
-87.486413
-78.806735
9.136605
103.657864
-124.619402
-148.493716
143.703489
255.562313
166.978585
-166.052481
-143.668856
80.331548
121.659883
57.296987
-35.121519
-208.686653
49.339647
-62.392228
71.751191
112.845863
-48.011695
-10.977142
73.987619
-232.197499
-21.441801
-277.783662
107.531887
-98.774232
-266.128993
-155.211236
-45.482227
80.861951
57.466331
249.971164
-182.366642
-235.232296
97.715840
251.882304
192.089180
-20.190185
12.368958
91.021918
160.245314
129.629543
-305.052496
-285.907935
87.856880
130.218778
-329.538802
380.119580
-280.514915
-134.192461
-234.628012
89.222797
13.386556
-115.736413
-4.311207
-124.372338
-342.465688
243.792930
95.717677
216.616935
23.075148
14.190779
264.927271
-181.658034
311.007976
64.006504
-109.350749
61.168334
197.898596
102.929985
-80.383466
17.860830
267.390018
222.343109
122.392378
273.683626
-78.764416
-209.827992
-278.052600
113.078811
199.674240
-247.046934
98.911273
194.235170
97.290546
115.901472
-121.376591
574.326369
15.194697
330.535524
-555.189862
-203.611529
189.880229
-178.899039
-353.052717
86.793351
-290.343203
-27.628681
-144.248652
-91.712260
112.504562
-33.572862
-166.940536
-40.264004
152.835528
-36.541885
303.990376
-32.552906
-66.168226
18.717498
276.820489
231.275149
32.548021
515.237809
147.656474
-221.004075
-32.934322
-73.815143
280.962946
227.407226
541.121848
30.090056
-118.040962
140.779350
-81.787169
-227.560856
-27.548962
-86.513649
59.159648
475.206007
-182.162621
11.493978
20.080856
54.720269
203.390573
84.460825
-82.338455
283.379136
-73.832345
126.914246
282.414442
110.350586
19.690027
121.433195
50.962212
376.139720
-52.156155
114.530768
102.169120
260.371147
-39.749818
309.211194
-245.040127
166.133084
140.060127
-45.524792
183.959697
-264.396540
283.976031
203.733694
-345.038544
-183.412746
-336.614296
241.210883
214.467686
455.145938
13.450469
-107.198302
134.066235
256.823188
-23.977038
270.381924
219.565847
-231.014925
187.401369
-102.587765
-129.868800
78.396823
-119.600304
201.849713
-27.552046
-106.048189
-130.085828
-89.212876
-195.961168
-123.688239
-13.883657
-135.752709
5.441312
21.413242
207.503355
279.443792
86.541703
-168.222853
162.891089
208.617205
171.640418
310.120237
233.166173
143.790660
194.373810
45.868432
695.510015
-46.252682
43.549339
36.788490
53.059850
111.424171
788.424640
-209.983424
3.057293
-52.011194
-7.224889
-197.475738
-34.447801
256.342751
41.423481
394.624136
6.746810
1.331649
-146.756697
309.918797
195.857010
-224.711275
773.162588
-128.421758
56.520925
263.444576
307.343512
-21.517876
-54.145002
-40.166231
229.349164
-71.756318
-157.755361
-167.130505
-303.977005
157.815405
-123.645974
-109.396439
-122.340557
49.815042
178.851898
-283.360772
-164.173472
34.888704
292.128746
-465.531162
-70.134081
164.127005
-424.919827
-163.715055
-99.929724
8.666314
137.941490
-560.231660
-172.457060
285.532047
368.030648
-77.356059
-209.203767
285.063961
-329.833889
106.879823
-439.819882
-64.192079
344.255306
120.293845
283.126590
65.732813
-283.562803
-137.045177
192.151312
-247.614085
550.296453
15.264690
-220.746217
-169.039913
456.996662
-331.779678
219.215695
561.626227
352.271880
-233.016438
-223.971398
622.542217
29.525098
4.106237
-348.988000
215.607131
-333.138666
212.916262
326.394499
54.936535
-275.121905
504.662929
-47.556661
-28.207896
78.861255
222.654719
-272.882318
292.614651
-549.137511
383.872352
-13.387432
35.157604
-115.428892
456.576192
-226.668292
-153.089738
469.307040
-219.078184
90.775384
112.848991
18.923170
254.941034
309.883626
303.667585
-48.702336
-390.245882
64.420675
-192.402733
-21.526166
-277.424328
88.606426
-52.120931
-55.766051
-149.436569
218.800896
9.541172
86.744054
488.702050
-328.356528
310.692069
-53.358211
-114.782860
304.461652
-438.925111
-279.106207
312.694374
37.400384
301.960012
-74.818038
148.899743
-347.569974
-397.500681
16.296139
-276.169370
391.909945
-289.294100
122.244162
125.068751
-69.259366
261.462108
251.690289
247.588362
98.787244
-150.516649
321.791714
234.861769
60.641232
311.022354
43.109100
78.753535
-99.456380
669.509897
-36.632404
410.179913
53.226244
42.196771
119.857799
115.522976
-2.458860
-390.796778
483.930347
59.036500
-125.170315
272.332841
328.221548
-106.631815
-135.039176
150.199718
158.227034
197.214359
-393.650095
-233.270723
-223.657157
-19.406867
-203.787454
-168.460140
203.754287
281.313579
-294.109576
256.395635
-437.538731
-209.589099
-391.838832
-83.226755
466.190532
506.073666
200.339172
-417.001904
215.489536
-232.038803
154.802952
306.673072
74.776266
-21.282615
243.479265
-320.525198
-150.484547
757.788704
-11.176444
-58.879948
-165.387472
297.425545
-1192.141926
-34.731572
104.374882
-286.171357
237.863877
369.732878
185.453920
-115.605701
-490.363862
-319.059174
220.589760
-276.249808
-193.039074
473.500760
308.344563
-412.792603
-3.662584
-478.077584
165.955932
68.117791
-170.695165
432.655002
-396.330921
-317.825489
124.381453
-234.465872
41.671798
110.902090
262.221761
447.821979
63.467248
67.786294
-257.605835
507.252406
460.567291
-528.917608
173.118797
-335.181408
148.986406
-238.801878
-56.604584
-46.636090
364.691360
-239.054679
339.717513
-312.438160
-10.527536
-81.300210
-104.008768
46.667324
175.844973
247.380240
-395.082498
-219.330465
-274.116363
757.989031
-305.181137
325.174568
-99.029284
123.053413
-329.751799
185.942469
-395.821899
71.571138
-671.196173
-246.369271
131.917458
607.638807
-32.587113
293.219623
158.424077
-532.216206
-121.177609
-41.684390
474.493030
-731.294810
-201.970829
-154.436756
-73.082753
-230.971775
-87.654339
139.940423
316.152696
-81.567446
98.745285
20.469303
118.774497
184.589008
361.961896
-96.546329
202.307619
-412.511574
114.767361
-461.446103
-38.836603
264.085884
-232.565054
-777.697075
75.428249
336.402867
399.274094
403.726712
-45.083900
519.182079
111.952839
339.834003
0.000000
