0.000122
0.000019
0.000258
0.000017
0.000069
0.000073
0.000021
0.000441
0.000006
0.000013
0.000244
0.000000
0.000023
0.000025
0.000004
0.000394
0.000001
0.000001
0.000002
0.000012
0.000003
0.000053
0.000000
0.000005
0.000013
0.000011
0.000018
0.000012
0.000002
0.000001
0.000018
0.000003
0.000002
0.000003
0.000002
0.000002
0.000003
0.000007
0.000000
0.000004
0.000011
0.000014
0.000003
0.000000
0.000003
0.000035
0.000001
0.000001
0.000003
0.000003
0.000007
0.000012
0.000001
0.000001
0.000003
0.000003
0.000004
0.000011
0.000002
0.000008
0.000001
0.000001
0.000003
0.000002
0.000001
0.000003
0.000001
0.000002
0.000001
0.000001
0.000003
0.000001
0.000025
0.000001
0.000000
0.000002
0.000002
0.000001
0.000002
0.000001
0.000056
0.000000
0.000001
0.000000
0.000001
0.000013
0.000001
0.000001
0.000000
0.000001
0.000005
0.000001
0.000004
0.000003
0.000006
0.000012
0.000003
0.000005
0.000001
0.000001
0.000002
0.000001
0.000037
0.000002
0.000001
0.000001
0.000002
0.000002
0.000002
0.000036
0.000962
0.000013
0.000007
0.000004
0.000000
0.000002
0.000001
0.000001
0.000001
0.000001
0.000000
0.000000
0.000004
0.000001
0.000000
0.000003
0.000001
0.000004
0.000009
0.000002
0.000000
0.000006
0.000001
0.000002
0.000000
0.000009
0.000005
0.000004
0.000004
0.000000
0.000001
0.000002
0.000001
0.000001
0.000000
0.000000
0.000002
0.000001
0.000000
0.000001
0.000000
0.000000
0.000001
0.000000
0.000000
0.000003
0.000006
0.000000
0.000001
0.000004
0.000022
0.000000
0.000000
0.000001
0.000002
0.000005
0.000001
0.000008
0.000001
0.000002
0.000001
0.000001
0.000001
0.000000
0.000000
0.000001
0.000001
0.000001
0.000000
0.000001
0.000001
0.000001
0.000000
0.000010
0.000001
0.000000
0.000001
0.000000
0.000001
0.000000
0.000003
0.000002
0.000001
0.000014
0.000001
0.000001
0.000013
0.000030
0.000001
0.000001
0.000000
0.000000
0.000001
0.000004
0.000001
0.000000
0.000002
0.000002
0.000004
0.000000
0.000002
0.000000
0.000000
0.000000
0.000000
0.000001
0.000001
0.000000
0.000001
0.000009
0.000000
0.000001
0.000000
0.000001
0.000001
0.000002
0.000000
0.000000
0.000001
0.000000
0.000000
0.000000
0.000000
0.000000
0.000000
0.000001
0.000001
0.000001
0.000001
0.000000
0.000001
0.000004
0.000001
0.000000
0.000000
0.000000
0.000000
0.000001
0.000017
0.000001
0.000004
0.000000
0.000000
0.000000
0.000002
0.000001
0.000004
0.000002
0.000004
0.000000
0.000000
0.000000
0.000000
0.000000
0.000000
0.000000
0.000003
0.000000
0.000000
0.000000
0.000000
0.000000
0.000001
0.000000
0.000002
0.000000
0.000000
0.000000
0.000000
0.000001
0.000001
0.000000
0.000000
0.000000
0.000000
0.000001
0.000001
0.000001
0.000000
0.000001
0.000006
0.000000
0.000009
0.000001
0.000001
0.000000
0.000001
0.000001
0.000001
0.000011
0.000000
0.000000
0.000000
0.000001
0.000001
0.000001
0.000001
0.000000
0.000000
0.000002
0.000004
0.000000
0.000000
0.000000
0.000001
0.000000
0.000003
0.000000
0.000001
0.000000
0.000002
0.000000
0.000000
0.000002
0.000000
0.000000
0.000000
0.000001
0.000019
0.000000
0.000000
0.000000
0.000000
0.000001
0.000000
0.000000
0.000007
0.000000
0.000012
0.000000
0.000001
0.000000
0.000002
0.000000
0.000000
0.000000
0.000000
0.000001
0.000002
0.000000
0.000000
0.000000
0.000000
0.000001
0.000001
0.000000
0.000000
0.000000
0.000000
0.000000
0.000001
0.000001
0.000000
0.000002
0.000000
0.000002
0.000001
0.000001
0.000002
0.000001
0.000001
0.000000
0.000003
0.000000
0.000000
0.000000
0.000000
0.000000
0.000000
0.000001
0.000001
0.000004
0.000001
0.000001
0.000001
0.000001
0.000000
0.000003
0.000000
0.000000
0.000000
0.000001
0.000000
0.000000
0.000003
0.000000
0.000000
0.000000
0.000000
0.000000
0.000000
0.000001
0.000000
0.000000
0.000000
0.000000
0.000000
0.000000
0.000000
0.000000
0.000000
0.000000
0.000000
0.000007
0.000000
0.000000
0.000001
0.000000
0.000000
0.000000
0.000001
0.000000
0.000000
0.000000
0.000000
0.000012
0.000000
0.000002
0.000000
0.000003
0.000001
0.000000
0.000000
0.000008
0.000000
0.000028
0.000001
0.000000
0.000000
0.000001
0.000003
0.000001
0.000000
0.000001
0.000000
0.000000
0.000003
0.000000
0.000000
0.000000
0.000000
0.000000
0.000000
0.000001
0.000001
0.000001
0.000000
0.000001
0.000000
0.000001
0.000000
0.000000
0.000000
0.000000
0.000000
0.000001
0.000000
0.000000
0.000000
0.000000
0.000001
0.000002
0.000001
0.000000
0.000000
0.000000
0.000001
0.000000
0.000000
0.000001
0.000000
0.000000
0.000000
0.000000
0.000000
0.000000
0.000000
0.000000
0.000000
0.000000
0.000000
0.000000
0.000000
0.000000
0.000000
0.000001
0.000000
0.000000
0.000001
0.000000
0.000000
0.000001
0.000000
0.000000
0.000000
0.000000
0.000000
0.000000
0.000000
0.000000
0.000000
0.000000
0.000001
0.000001
0.000000
0.000001
0.000000
0.000000
0.000000
0.000002
0.000001
0.000000
0.000000
0.000000
0.000000
0.000000
0.000000
0.000000
0.000000
0.000000
0.000000
0.000000
0.000000
0.000000
0.000000
0.000000
0.000000
0.000000
0.000001
0.000002
0.000001
0.000000
0.000000
0.000000
0.000000
0.000000
0.000000
0.000000
0.000000
0.000000
0.000000
0.000000
0.000000
0.000003
0.000000
0.000011
0.000000
0.000000
0.000000
0.000001
0.000000
0.000001
0.000003
0.000000
0.000001
0.000000
0.000001
0.000001
0.000000
0.000000
0.000000
0.000001
0.000004
0.000000
0.000000
0.000000
0.000000
0.000001
0.000000
0.000000
0.000001
0.000000
0.000000
0.000001
0.000000
0.000000
0.000000
0.000001
0.000000
0.000001
0.000000
0.000000
0.000000
0.000000
0.000000
0.000000
0.000001
0.000000
0.000000
0.000000
0.000001
0.000000
0.000002
0.000000
0.000001
0.000000
0.000000
0.000000
0.000001
0.000000
0.000002
0.000000
0.000000
0.000001
0.000000
0.000000
0.000000
0.000000
0.000001
0.000000
0.000000
0.000000
0.000002
0.000001
0.000000
0.000001
0.000000
0.000000
0.000001
0.000000
0.000000
0.000000
0.000004
0.000001
0.000001
0.000000
0.000000
0.000000
0.000000
0.000001
0.000000
0.000000
0.000000
0.000000
0.000000
0.000000
0.000000
0.000000
0.000000
0.000000
0.000000
0.000001
0.000000
0.000000
0.000000
0.000000
0.000001
0.000000
0.000000
0.000000
0.000000
0.000000
0.000000
0.000000
0.000000
0.000000
0.000000
0.000002
0.000000
0.000000
0.000000
0.000002
0.000000
0.000000
0.000000
0.000000
0.000001
0.000000
0.000000
0.000001
0.000000
0.000001
0.000000
0.000000
0.000000
0.000000
0.000000
0.000001
0.000000
0.000006
0.000000
0.000000
0.000000
0.000000
0.000000
0.000000
0.000000
0.000000
0.000000
0.000000
0.000000
0.000000
0.000001
0.000000
0.000001
0.000001
0.000000
0.000001
0.000000
0.000000
0.000000
0.000022
0.000001
0.000003
0.000000
0.000001
0.000000
0.000001
0.000000
0.000005
0.000010
0.000000
0.000000
0.000000
0.000000
0.000000
0.000000
0.000001
0.000000
0.000000
0.000000
0.000001
0.000001
0.000000
0.000000
0.000000
0.000000
0.000000
0.000000
0.000001
0.000000
0.000000
0.000001
0.000000
0.000000
0.000000
0.000002
0.000000
0.000000
0.000000
0.000000
0.000000
0.000000
0.000001
0.000008
0.000000
0.000000
0.000000
0.000000
0.000000
0.000000
0.000000
0.000000
0.000000
0.000000
0.000000
0.000000
0.000000
0.000000
0.000000
0.000001
0.000000
0.000000
0.000000
0.000000
0.000000
0.000000
0.000000
0.000000
0.000000
0.000000
0.000000
0.000000
0.000000
0.000000
0.000000
0.000000
0.000001
0.000011
0.000000
0.000000
0.000000
0.000000
0.000000
0.000001
0.000000
0.000000
0.000000
0.000001
0.000000
0.000000
0.000000
0.000000
0.000000
0.000000
0.000003
0.000001
0.000000
0.000000
0.000000
0.000000
0.000000
0.000000
0.000000
0.000000
0.000001
0.000000
0.000000
0.000000
0.000001
0.000000
0.000001
0.000000
0.000001
0.000000
0.000001
0.000001
0.000000
0.000000
0.000000
0.000003
0.000001
0.000000
0.000000
0.000000
0.000000
0.000001
0.000000
0.000000
0.000000
0.000000
0.000001
0.000000
0.000000
0.000000
0.000000
0.000000
0.000002
0.000000
0.000000
0.000000
0.000001
0.000000
0.000000
0.000000
0.000000
0.000000
0.000000
0.000000
0.000000
0.000000
0.000001
0.000000
0.000001
0.000001
0.000000
0.000000
0.000001
0.000000
0.000001
0.000001
0.000000
0.000000
0.000000
0.000000
0.000000
0.000000
0.000000
0.000000
0.000000
0.000000
0.000001
0.000000
0.000000
0.000000
0.000000
0.000000
0.000000
0.000002
0.000000
0.000000
0.000000
0.000000
0.000000
0.000000
0.000000
0.000000
0.000000
0.000001
0.000000
0.000000
0.000000
0.000000
0.000000
0.000000
0.000000
0.000000
0.000001
0.000003
0.000000
0.000000
0.000000
0.000000
0.000002
0.000001
0.000000
0.000000
0.000000
0.000001
0.000000
0.000000
0.000000
0.000000
0.000000
0.000001
0.000000
0.000000
0.000000
0.000000
0.000000
0.000000
0.000000
0.000000
0.000003
0.000000
0.000000
0.000000
0.000000
0.000000
0.000000
0.000000
0.000000
0.000000
0.000000
0.000001
0.000000
0.000000
0.000000
0.000000
0.000000
0.000000
0.000000
0.000000
0.000000
0.000000
0.000000
0.000000
0.000001
0.000001
0.000000
0.000000
0.000000
0.000000
0.000002
0.000000
0.000000
0.000000
0.000000
0.000000
0.000000
0.000000
0.000000
0.000000
0.000000
0.000000
0.000000
0.000000
0.000000
0.000000
0.000000
0.000001
0.000000
0.000000
0.000000
0.000000
0.000001
0.000000
0.000000
0.000000
0.000001
0.000001
0.000000
0.000000
0.000000
0.000000
0.000000
0.000000
0.000000
0.000000
0.000000
0.000000
0.000000
0.000001
0.000000
0.000000
0.000000
0.000000
0.000000
0.000000
0.000000
0.000000
0.000001
0.000000
0.000000
0.000000
0.000000
0.000000
0.000000
0.000000
0.000000
0.000000
0.000000
0.000000
100.000000
