0.000000000000000000000000000000
0.576230999999999937699612928554
0.808848000000000011411316336307
-0.021887999999999990796695215067
-1.345800999999999802980710228439
0.863484000000000029295676995389
-0.288951999999999986634691140353
-1.090111999999999969901409713202
-0.123141000000000000458300064565
-2.278537999999999730249555796036
-3.048878000000000199065652850550
0.261374999999999968469666100646
-2.105599999999999916155957180308
3.556118000000000112237330540665
-3.721456000000000319261062031728
-6.570376999999999689805463276571
-0.195594999999999963335994834779
-9.567871999999999488295543415006
-7.655508000000000201623606699286
-5.798299000000000091858964879066
3.494476000000000137646338771447
4.228503999999999152237251109909
0.908019000000000353622908733087
12.966796000000000432805791206192
7.472945999999999422414020955330
1.431339999999999834656705388625
4.081420000000000491979790240293
-3.708489999999999842117404114106
2.921060999999999907572600932326
2.044389000000000233825403483934
5.541653999999999413716977869626
-4.228775000000000616751094639767
-4.190802999999999833846686669858
1.908172999999999674969330953900
1.831350000000000033395508580725
-17.804959999999997677377905347385
-14.503483999999998488306118815672
-15.852501999999999426904651045334
-9.546063999999999438728082168382
-13.083453000000000443492353952024
11.330916000000000209979589271825
-4.049514999999999531610228586942
-3.833655000000000256932253250852
23.850200000000000954969436861575
3.599903999999999992809307514108
-21.641957999999998918383425916545
-1.526548000000000016029844118748
19.278650999999999982037479639985
-20.676581999999999794681571074761
-27.888314999999998633484210586175
14.750594999999998790940480830614
5.332701000000001023693130264292
4.691585999999999145870788197499
30.851825000000001608668753760867
-33.183744999999994718109519453719
11.439995999999998943508217053022
25.766642999999998409066392923705
11.219633999999999218744051177055
-5.351629999999999220960944512626
6.386957999999999913143255980685
1.921291000000000082081896835007
-38.240808999999998718521965201944
29.491126999999998758994479430839
-20.769773000000000706677383277565
-20.846686999999999301280695362948
-44.298736999999995589405443752185
-4.958802000000001264368165720953
-27.711905999999999039573594927788
30.575124999999999886313162278384
-16.131274999999998698285708087496
22.538819999999997634176907013170
-10.999753000000000113800524559338
-20.215270000000000294448909698986
3.431814000000000142165390570881
14.611697999999998742737261636648
-8.951406000000000418026502302382
9.884465999999999752390067442320
19.459579000000001514081304776482
32.014243999999997924987837905064
17.106556999999998680550561402924
-26.494156000000000261707100435160
-0.786545000000000049666937229631
43.564926999999997292434272821993
34.607631999999995286998455412686
39.409329999999997085069480817765
41.273815999999996506630850490183
2.902902999999999344993284466909
24.464901999999998594148564734496
25.239779999999999660076355212368
62.123443999999992115590430330485
39.620860000000000411546352552250
3.594396999999999842145825823536
46.929798999999995601228874875233
-13.587354000000001263970261788927
21.795434999999997671693563461304
-15.676766999999999896431290835608
1.939132999999999773521608403826
16.255467999999996919768818770535
11.967686000000000490217644255608
1.782685999999999770793124298507
37.365104999999999790816218592227
19.773803999999998382008925545961
29.708639999999999048441168270074
-1.979193000000000202120986614318
33.062784999999998092334863031283
-47.422126999999996144197211833671
-52.122447999999998557996150339022
-21.060152999999999678948370274156
-19.609052000000001925172909977846
-6.481767999999998863813743810169
0.431153000000000008462563982903
0.026835000000000164277480507735
1.694662999999999808409256729647
3.135716999999999643478076905012
5.916561000000001513399183750153
45.318917999999996482074493542314
-23.580238000000001363787305308506
46.625259999999997262420947663486
-26.744953999999999894043867243454
42.755722999999996147835190640762
40.227072999999997193754097679630
47.425763999999993814071785891429
61.985624999999998863131622783840
16.226712999999996611677488544956
-21.940880999999997413851815508679
-29.168345999999999662577465642244
-14.051266999999995732650859281421
-21.479901999999999162582753342576
6.550530000000000185877979674842
8.990978999999999388137439382263
4.365764999999999673718775738962
-16.438893999999997674876794917509
5.981844000000000605155037192162
-31.341402999999999678948370274156
-23.828008000000000521367837791331
-48.156203999999995346570358378813
-6.865445999999999493468294531340
-9.993464999999998710222826048266
-11.841879999999999739657141617499
-12.695097000000000520003595738672
-38.883161999999998670318746007979
-110.746462999999991438926372211426
-10.945140999999999564806785201654
-19.099485000000001377884473185986
37.767177999999994142399373231456
-17.326859999999996375663613434881
-27.842119999999997759232428506948
9.122702000000000310819814330898
-45.591270999999998991825123084709
73.397218999999992661287251394242
-75.448769999999996116457623429596
-20.806988000000000482714312965982
25.131679000000001877879185485654
24.552627000000001089574652723968
10.722810999999998315956872829702
-36.915378999999994391600921517238
9.312107999999998497742126346566
12.827001999999998460566530411597
-127.524386999999990166543284431100
8.133668000000000120053300634027
19.205701999999998719204086228274
-1.268533000000001464968590880744
64.499726999999992926859704311937
-36.201588999999998463863448705524
17.925093999999997862460077158175
41.973188999999997861323208780959
5.028093000000000145632839121390
-47.377091000000000065028871176764
-6.826168999999999265071437548613
-62.276593999999995787675288738683
-44.411986999999996328369888942689
11.841339999999998866542227915488
58.597459999999998103703546803445
-96.738969999999994797690305858850
-103.623789000000002147316990885884
133.077953999999976986146066337824
-24.262683999999996586893757921644
-7.408046000000000574914338358212
2.909673000000001508169589214958
51.941164000000000555701262783259
34.212184000000000594354787608609
28.604720999999997843588062096387
-22.801628000000000895397533895448
-21.655071999999996990027284482494
6.090701000000001030798557621893
-39.859801999999994848167261807248
-37.693086999999998454313754336908
-40.425807999999996411588654154912
41.805407999999999901774572208524
73.671381999999994150130078196526
83.695638000000002421074896119535
-12.520880999999999261262928484939
38.482458999999998638941178796813
31.231741999999997005943441763520
-4.389581000000000621241724729771
25.727398000000000877207639859989
-71.091026999999996860424289479852
3.588405999999999096417013788596
-0.300517000000006362370186252519
-13.623490999999999573333298030775
112.275630000000006702975952066481
-78.115870000000001027729013003409
-52.236167000000001792159309843555
-25.722238999999998299017534009181
6.204497000000000817010459286394
-57.081540999999994312474882462993
90.909933999999992693119565956295
26.488774999999996850874595111236
-29.013556999999998708972270833328
-11.166758999999998991370375733823
10.752378000000000213276507565752
43.560482999999997844042809447274
96.216430999999985829163051676005
-199.964084999999982983354129828513
-38.337097999999997455233824439347
-117.405067000000002508386387489736
-29.190556999999998311068338807672
50.139633999999993818619259400293
-46.175115999999995608504832489416
89.852065999999993550773069728166
6.941936000000000106524566945154
-138.229317999999977928382577374578
-64.397550999999992882294463925064
-227.911932000000007292328518815339
85.433364999999994893187249545008
74.461557999999996582118910737336
30.403828000000000741920302971266
159.343355999999999994543031789362
-68.596213000000005877154762856662
28.614450999999998970224623917602
189.365873999999990928699844516814
-283.296209999999973661033436655998
29.736121000000000691443347022869
-58.302689000000000874024408403784
-78.283998999999994339304976165295
48.940908000000000299678504234180
-89.964368999999990705873642582446
47.664605999999999141891748877242
114.837458999999995512553141452372
-64.266277000000002317392500117421
132.360917999999998073690221644938
72.540679999999994720383256208152
-14.819131999999997972849996585865
-105.443835000000007084963726811111
152.369183999999989964635460637510
-67.743667000000002076376404147595
109.458496999999994159225025214255
-91.795571999999992840457707643509
-41.673427999999994142399373231456
2.854127999999999776292725073290
13.043722999999996403630575514399
10.946108999999999866759026190266
79.426709000000002447450242470950
144.614778999999998632119968533516
80.759904999999989172465575393289
-14.513125999999999748979462310672
76.249008000000003448803909122944
-1.858980000000000742943484510761
12.205861999999999767396730021574
-5.418583999999999178953657974489
105.570491000000004078174242749810
31.016734999999997057784639764577
105.762979999999984670466801617295
-63.755326999999994086465449072421
-243.221206999999992603989085182548
-167.468986000000001013177097775042
-91.914124999999998522071109618992
-16.328391999999997352688296814449
169.067201999999980444044922478497
-129.883205000000003792592906393111
-176.981955999999996720362105406821
146.917670000000015306795830838382
62.227513000000001852640707511455
-27.024366999999998029124981258065
-103.183802999999997496161086019129
-53.035684000000003379682311788201
153.452683999999976549588609486818
-92.256913999999994757672538980842
248.886549999999971305442159064114
-175.643173999999987699993653222919
18.075465000000001225544110639021
-57.714635999999998716702975798398
-158.516356000000001813532435335219
92.896858999999992079210642259568
-59.850726000000001647549652261660
71.311819999999997321538103278726
-72.332353999999995153302734252065
60.198513999999995860434864880517
124.884228000000007341441232711077
90.436362000000002581145963631570
39.090252999999997030045051360503
-10.778744000000003211425791960210
69.854489999999998417479218915105
-9.118254000000007408743840642273
-80.070290999999997438862919807434
-79.000551999999998997736838646233
-136.203974999999985584508976899087
88.053297000000000593900040257722
-80.978735999999983619090926367790
-137.775690999999994801328284665942
-1.567168000000000116500586955226
-209.762855000000001837179297581315
-79.785391999999987433511705603451
-85.152774999999991223376127891243
37.045299999999997453414835035801
95.011970999999988407580531202257
132.947673999999977922925609163940
-87.791130999999992923221725504845
133.470272999999991725417203269899
-77.409351999999998383827914949507
19.460007999999998418161339941435
20.134376999999997082113623037003
-7.212424999999999641886461176910
-113.805305999999987420778779778630
107.171005999999991331605997402221
12.212897000000001668240656726994
211.993470999999999548890627920628
-3.677430000000000198667748918524
101.761327999999991789081832394004
-53.842391999999996698988979915157
-130.106072999999980766006046906114
34.454517000000002724391379160807
66.799508000000002994056558236480
-104.989456999999987374394549988210
18.532968000000010988514986820519
-89.924639999999996575752447824925
134.341149000000001478838385082781
-135.406023999999973739249981008470
96.448566999999997051418176852167
2.141064999999999329816091631074
-122.751260999999999512510839849710
-106.700857999999996650331013370305
-40.982930999999993559868016745895
93.857943000000005895344656892121
37.685051999999998884050000924617
76.860775000000003842615114990622
-115.207481000000001358785084448755
-6.123692000000000135173650051001
-62.952095999999997388840711209923
2.000487999999999821909568709088
-189.874216999999987365299602970481
20.355565999999996051883499603719
123.395730000000000359250407200307
-24.937392999999996590076989377849
112.052266999999986296643328387290
112.115523999999993520759744569659
18.564631000000005656147550325841
-225.290088999999994712197803892195
54.098470999999996422502590576187
-19.989332000000000988393367151730
-197.445634000000012520104064606130
200.785144999999999981810105964541
-229.214937999999989415300660766661
190.104213999999984707756084389985
42.481029999999996960013959323987
-81.572666999999995596226654015481
-98.408966999999989866410032846034
114.864233999999996171936800237745
-127.806991999999993936398823279887
154.489941999999985000613378360868
-110.627006999999991876393323764205
130.830506999999983008819981478155
-75.467414999999988367562764324248
-109.893596999999985541762725915760
29.036894000000000204408934223466
39.372720999999998525709088426083
-33.935568999999993877736415015534
58.023391000000003714376362040639
-38.229867999999996186488715466112
-51.345622999999996238784660818055
42.385759999999997660324879689142
-67.397688000000002261913323309273
-41.193053999999996506176103139296
-12.048891999999998603243511752225
123.737386999999998238308762665838
-91.870065999999994232894096057862
256.450751999999965846654959022999
140.098551999999983763700583949685
83.980814999999992664925230201334
-29.718413000000001744638211675920
80.730361000000002036358637269586
-98.465754999999987262526701670140
11.948649000000001407784111506771
-51.167473999999998568455339409411
34.005501000000002420620148768649
45.220445999999995478901837486774
75.856121000000001686203177087009
-71.525898999999995453435985837132
3.148585999999999884835233388003
-95.327526000000005979018169455230
-246.591130999999990081050782464445
-245.949241999999998142811818979681
77.857067999999998164639691822231
-74.781608999999988895979186054319
170.850741999999996778569766320288
27.408322000000005402853275882080
-68.378731999999999402461980935186
-132.955916999999999461579136550426
-109.184326999999996132828528061509
21.728957999999998662588041042909
151.519140999999990526703186333179
90.699360999999996124643075745553
32.045535000000000991349224932492
-63.296454999999994583959050942212
131.514639999999985775502864271402
-29.142853000000002339220372959971
-155.984335999999984778696671128273
93.729162999999999783540260978043
150.441730000000006839400157332420
-147.336292999999983521774993278086
194.912774000000013074895832687616
-57.485602000000000089130480773747
149.124206999999984191163093782961
-241.165186000000005606125341728330
-10.564911999999997860300027241465
210.323281999999977642801241017878
156.774157000000002426531864330173
58.665348999999999080046109156683
103.969891000000004055436875205487
50.590606999999998549810698023066
85.658106999999986896909831557423
68.398741000000001122316461987793
-226.023853000000002566594048403203
166.016428999999988036506692878902
240.194349999999985811882652342319
-108.805854999999979781932779587805
6.050976000000000354361873178277
-85.162523999999990564901963807642
12.819831000000000642558006802574
203.941857999999967887561069801450
-18.296431999999999362671587732621
27.391718999999994821337168104947
225.752237999999977091647451743484
-365.524778999999966799805406481028
-5.683077000000000822410584078170
65.253540999999998462044459301978
2.811734999999998763087205588818
32.156981999999992183347785612568
-272.154083999999954812665237113833
-167.412245999999981904693413525820
-6.768137999999999543376816291129
9.158900999999998404632606252562
-32.070925000000002569322532508522
-83.548587999999995190592017024755
61.281776999999991062395565677434
101.765544999999988817762641701847
139.900165999999984478563419543207
-23.526461999999995100552041549236
100.408070999999992523044056724757
179.698772999999988542185747064650
-115.705880000000007612470653839409
-119.487138999999999100509739946574
182.190330999999986261173035018146
-182.669119999999992387529346160591
47.237802000000002067281457129866
-50.171444999999998515249899355695
-39.344341000000007113612809916958
-145.545902000000012321834219619632
73.916015999999984842361300252378
120.738588000000007127709977794439
-52.665579000000001030912244459614
-259.469069999999987885530572384596
161.608124000000003661625669337809
-96.602710999999999330611899495125
-177.739342999999990979631547816098
230.300795999999991181539371609688
-58.463062999999998226030584191903
-39.936833000000007132257451303303
221.070219000000008691131370142102
-69.419149999999987699084158521146
-333.812810999999953764927340671420
48.021639000000000407908373745158
23.753631000000002160277290386148
28.729680999999999357896740548313
-51.833097000000002196884452132508
-43.244825999999989107891451567411
210.781189999999980955180944874883
-76.916366999999993936398823279887
199.872355999999967934854794293642
-163.480648999999999659848981536925
12.808036999999998784005583729595
-68.758100999999996361111698206514
14.528232999999996621909303939901
86.409186999999988643139658961445
-81.877043999999997936356521677226
-117.940905999999998243765730876476
-109.800587000000007265043677762151
-41.887551999999999452484189532697
191.150460000000009586074156686664
-270.720970999999963169102557003498
-215.000759999999985438989824615419
-37.721498999999994339304976165295
-160.585932999999982939698384143412
-180.659659000000004880348569713533
-123.338986000000005560650606639683
310.993367999999975381797412410378
-46.406412999999993473920767428353
50.043179000000002076831151498482
267.671886999999969702912494540215
-23.413157999999995695361576508731
-87.486412999999998874045559205115
-78.806735000000003310560714453459
9.136605000000001197690835397225
103.657863999999989346179063431919
-124.619401999999993790879670996219
-148.493715999999977839252096600831
143.703488999999990483047440648079
255.562312999999988960553309880197
166.978584999999981164364726282656
-166.052481000000000221916707232594
-143.668856000000005224137566983700
80.331548000000012166310625616461
121.659883000000007768903742544353
57.296987000000001444277586415410
-35.121519000000006371919880621135
-208.686652999999978419509716331959
49.339646999999992260654835263267
-62.392227999999995802227203967050
71.751191000000005715264705941081
112.845863000000008469214662909508
-48.011694999999996014139469480142
-10.977142000000007726612238911912
73.987618999999995139660313725471
-232.197498999999993429810274392366
-21.441800999999998111888999119401
-277.783661999999992531229509040713
107.531886999999997556187736336142
-98.774231999999997810846252832562
-266.128992999999979929270921275020
-155.211235999999985324393492192030
-45.482227000000008843016985338181
80.861950999999990585820341948420
57.466330999999996720362105406821
249.971163999999987481714924797416
-182.366641999999984591340762563050
-235.232295999999990954165696166456
97.715840000000000031832314562052
251.882304000000004862158675678074
192.089179999999998926796251907945
-20.190184999999999604369804728776
12.368957999999995678308550850488
91.021917999999985227077559102327
160.245313999999979159838403575122
129.629542999999983976522344164550
-305.052495999999962350557325407863
-285.907934999999952196958474814892
87.856880000000003860805009026080
130.218777999999986150214681401849
-329.538801999999975578248267993331
380.119579999999984920577844604850
-280.514914999999973588273860514164
-134.192460999999980231223162263632
-234.628011999999984027454047463834
89.222796999999999911779013928026
13.386555999999998789462551940233
-115.736412999999998874045559205115
-4.311206999999996014594216831028
-124.372337999999984958776622079313
-342.465688000000000101863406598568
243.792929999999984147507348097861
95.717676999999980580469127744436
216.616934999999983801899361424148
23.075147999999998660314304288477
14.190778999999999143710738280788
264.927270999999961986759444698691
-181.658034000000014884790289215744
311.007975999999985106114763766527
64.006503999999992515768099110574
-109.350749000000007526978151872754
61.168333999999994432528183097020
197.898595999999997729901224374771
102.929984999999987849150784313679
-80.383465999999998530256561934948
17.860829999999999984083842718974
267.390017999999940911948215216398
222.343108999999998331986716948450
122.392377999999993676283338572830
273.683626000000003841705620288849
-78.764415999999997097802406642586
-209.827991999999994732206687331200
-278.052599999999983992893248796463
113.078811000000001740772859193385
199.674239999999997507984517142177
-247.046933999999993147866916842759
98.911272999999994226527633145452
194.235169999999982337612891569734
97.290545999999991977347235661000
115.901471999999984063833835534751
-121.376590999999990572177921421826
574.326368999999999687133822590113
15.194696999999999675878825655673
330.535523999999952593498164787889
-555.189861999999948238837532699108
-203.611528999999961797584546729922
189.880228999999985717295203357935
-178.899038999999987709088600240648
-353.052716999999972813384374603629
86.793351000000001249645720236003
-290.343203000000016800186131149530
-27.628681000000000267391442321241
-144.248651999999992767698131501675
-91.712259999999986348484526388347
112.504561999999992849552654661238
-33.572862000000007753897079965100
-166.940536000000008698407327756286
-40.264003999999992799985193414614
152.835527999999982284862198866904
-36.541884999999993510755302850157
303.990375999999969280906952917576
-32.552906000000000119598553283140
-66.168225999999989994648785796016
18.717497999999999080955603858456
276.820489000000009127688826993108
231.275148999999970556018524803221
32.548021000000005642505129799247
515.237808999999970183125697076321
147.656474000000002888555172830820
-221.004074999999971851138980127871
-32.934321999999994545760273467749
-73.815143000000034589902497828007
280.962945999999988089257385581732
227.407225999999980103893904015422
541.121847999999999956344254314899
30.090055999999989921889209654182
-118.040962000000035914126783609390
140.779349999999993769961292855442
-81.787168999999991569893609266728
-227.560855999999972709701978601515
-27.548962000000003058630682062358
-86.513649000000000910404196474701
59.159648000000004230969352647662
475.206006999999942763679428026080
-182.162621000000001458829501643777
11.493978000000002026581569225527
20.080855999999997152372088748962
54.720268999999994719019014155492
203.390572999999989178832038305700
84.460824999999999818101059645414
-82.338454999999996175574779044837
283.379136000000016792910173535347
-73.832344999999989454408932942897
126.914245999999991454387782141566
282.414441999999951349309412762523
110.350585999999992736775311641395
19.690027000000000612089934293181
121.433194999999997776285454165190
50.962212000000000955424184212461
376.139719999999954325176076963544
-52.156155000000005372839950723574
114.530767999999994799509295262396
102.169119999999992387529346160591
260.371146999999950821802485734224
-39.749818000000004758476279675961
309.211193999999977677362039685249
-245.040127000000012458258424885571
166.133083999999968227712088264525
140.060126999999994268364389427006
-45.524791999999997926806827308610
183.959697000000005573383532464504
-264.396540000000015879777492955327
283.976030999999977666448103263974
203.733693999999985635440680198371
-345.038544000000001688022166490555
-183.412745999999970081262290477753
-336.614295999999967534677125513554
241.210882999999995490725268609822
214.467685999999986279362929053605
455.145938000000001011358108371496
13.450469000000012442797014955431
-107.198301999999998201928974594921
134.066234999999977617335389368236
256.823188000000016018020687624812
-23.977037999999996742417351924814
270.381923999999969510099617764354
219.565846999999990885044098831713
-231.014925000000005184119800105691
187.401368999999988318450050428510
-102.587764999999990322976373136044
-129.868799999999993133315001614392
78.396822999999997705344867426902
-119.600304000000008386450645048171
201.849713000000008378265192732215
-27.552045999999990044670994393528
-106.048188999999993598066794220358
-130.085827999999992243829183280468
-89.212875999999994292011251673102
-195.961167999999986477632774040103
-123.688238999999995826328813564032
-13.883656999999999470674083568156
-135.752708999999981642758939415216
5.441312000000010584699339233339
21.413241999999996778569766320288
207.503354999999999108695192262530
279.443791999999973540980136021972
86.541702999999998269231582526118
-168.222853000000014844772522337735
162.891088999999993802703102119267
208.617204999999955816747387871146
171.640417999999982612280291505158
310.120236999999974614183884114027
233.166172999999986359398462809622
143.790659999999974161255522631109
194.373809999999991759978001937270
45.868432000000012749296729452908
695.510014999999953033693600445986
-46.252681999999992967786965891719
43.549339000000003352397470735013
36.788489999999995916368789039552
53.059849999999983083398547023535
111.424170999999986975126375909895
788.424640000000067630026023834944
-209.983423999999985198883223347366
3.057292999999999594251676171552
-52.011194000000003256900527048856
-7.224889000000004557477950584143
-197.475737999999978455889504402876
-34.447800999999998339262674562633
256.342751000000021122104953974485
41.423480999999995333382685203105
394.624135999999964496964821591973
6.746809999999996421138348523527
1.331648999999998750354279763997
-146.756697000000002617525751702487
309.918796999999983654561219736934
195.857010000000002492015482857823
-224.711274999999972123987390659750
773.162587999999914245563559234142
-128.421757999999982757799443788826
56.520925000000005411493475548923
263.444575999999983650923240929842
307.343512000000032458046916872263
-21.517876000000001113221514970064
-54.145001999999990971446095500141
-40.166231000000010453732102178037
229.349164000000001806256477721035
-71.756317999999993162418832071126
-157.755360999999993509845808148384
-167.130504999999999427018337883055
-303.977004999999962819856591522694
157.815404999999998381099430844188
-123.645973999999995385223883204162
-109.396439000000000874024408403784
-122.340556999999989784555509686470
49.815042000000019584149413276464
178.851898000000005595211405307055
-283.360771999999997206032276153564
-164.173472000000003845343599095941
34.888703999999997051872924203053
292.128745999999978266714606434107
-465.531161999999994804966263473034
-70.134080999999994787685864139348
164.127004999999996925907908007503
-424.919826999999941108399070799351
-163.715054999999978235791786573827
-99.929723999999993111487128771842
8.666314000000006956270226510242
137.941489999999987503542797639966
-560.231659999999919818947091698647
-172.457059999999984256646712310612
285.532046999999977288098307326436
368.030647999999985131580615416169
-77.356059000000001901753421407193
-209.203767000000027564965421333909
285.063960999999949308403301984072
-329.833888999999942370777716860175
106.879823000000001798071025405079
-439.819881999999950039637042209506
-64.192078999999992561242834199220
344.255305999999961841240292415023
120.293845000000004574758349917829
283.126589999999964675225783139467
65.732812999999993053279467858374
-283.562802999999973962985677644610
-137.045176999999995359758031554520
192.151311999999990121068549342453
-247.614084999999988667696015909314
550.296452999999928579200059175491
15.264689999999999869828570808750
-220.746217000000001462467480450869
-169.039912999999984322130330838263
456.996661999999957970430841669440
-331.779677999999933035724097862840
219.215694999999982428562361747026
561.626226999999971667421050369740
352.271879999999953270162222906947
-233.016437999999993735400494188070
-223.971397999999965122697176411748
622.542216999999936888343654572964
29.525097999999999842657416593283
4.106237000000000136878952616826
-348.987999999999999545252649113536
215.607130999999981213477440178394
-333.138665999999943778675515204668
212.916261999999989029674907214940
326.394498999999939314875518903136
54.936534999999992123775882646441
-275.121904999999969732016324996948
504.662928999999962798028718680143
-47.556660999999998296061676228419
-28.207895999999998082330421311781
78.861254999999999881765688769519
222.654719000000000050931703299284
-272.882317999999997937266016378999
292.614650999999980740540195256472
-549.137511000000017702404875308275
383.872351999999978033883962780237
-13.387432000000003995410224888474
35.157603999999992083758115768433
-115.428891999999990503056324087083
456.576191999999991821823641657829
-226.668291999999979680069372989237
-153.089738000000011197698768228292
469.307039999999972224031807854772
-219.078183999999993147866916842759
90.775384000000002515662345103920
112.848990999999998052771843504161
18.923169999999998935891198925674
254.941034000000001924490788951516
309.883625999999992473021848127246
303.667584999999974115780787542462
-48.702335999999995408415998099372
-390.245881999999994604877429082990
64.420675000000002796696207951754
-192.402733000000011998054105788469
-21.526165999999996358837961452082
-277.424328000000002703018253669143
88.606425999999984810528985690325
-52.120930999999991684035194339231
-55.766051000000004478351911529899
-149.436568999999991547156241722405
218.800895999999966079485602676868
9.541172000000003095010470133275
86.744053999999991333424986805767
488.702049999999985629983711987734
-328.356528000000025713234208524227
310.692069000000003597961040213704
-53.358210999999997170561982784420
-114.782859999999985234353516716510
304.461651999999958206899464130402
-438.925110999999958494299789890647
-279.106206999999983509042067453265
312.694373999999982061126502230763
37.400384000000002515662345103920
301.960011999999949239281704649329
-74.818037999999987164301273878664
148.899743000000000847649062052369
-347.569974000000001979060471057892
-397.500680999999985942849889397621
16.296138999999996599399310071021
-276.169369999999958054104354232550
391.909944999999993342498783022165
-289.294100000000014460965758189559
122.244161999999988665877026505768
125.068750999999991790900821797550
-69.259365999999985774593369569629
261.462107999999943785951472818851
251.690288999999978614141582511365
247.588361999999989393472787924111
98.787243999999986954207997769117
-150.516649000000001024091034196317
321.791714000000013129465514793992
234.861768999999981133441906422377
60.641232000000002244632923975587
311.022353999999950247001834213734
43.109099999999997976374288555235
78.753534999999999399733496829867
-99.456379999999995789039530791342
669.509896999999909894540905952454
-36.632404000000008181814337149262
410.179912999999999101419234648347
53.226243999999994116478774230927
42.196770999999998252860677894205
119.857798999999985767317411955446
115.522975999999999885403667576611
-2.458860000000015588739188387990
-390.796778000000017527781892567873
483.930346999999983381712809205055
59.036499999999996646238287212327
-125.170314999999988003764883615077
272.332840999999973519152263179421
328.221547999999984313035383820534
-106.631815000000003124114300590008
-135.039175999999969235432217828929
150.199717999999990070136846043169
158.227034000000003288732841610909
197.214359000000001742591848596931
-393.650094999999964784365147352219
-233.270723000000032243406167253852
-223.657156999999983781890477985144
-19.406866999999998313342075562105
-203.787453999999968345946399495006
-168.460139999999967130861477926373
203.754286999999976615072228014469
281.313578999999947427568258717656
-294.109576000000004114554030820727
256.395634999999970204953569918871
-437.538730999999984305759426206350
-209.589098999999976058461470529437
-391.838831999999968047632137313485
-83.226754999999997153281583450735
466.190532000000018797436496242881
506.073666000000002895831130445004
200.339171999999990703145158477128
-417.001903999999967709300108253956
215.489535999999986870534485206008
-232.038803000000001475200406275690
154.802952000000004773028194904327
306.673071999999933723302092403173
74.776265999999992573066265322268
-21.282614999999999838564690435305
243.479264999999998053681338205934
-320.525197999999988951458362862468
-150.484546999999963645677780732512
757.788703999999938787368591874838
-11.176444000000000045247361413203
-58.879947999999991736785887042060
-165.387472000000002481101546436548
297.425544999999999618012225255370
-1192.141926000000012209056876599789
-34.731571999999992783614288782701
104.374881999999985282556735910475
-286.171356999999943582224659621716
237.863876999999973804733599536121
369.732877999999971052602631971240
185.453919999999982337612891569734
-115.605700999999996270162228029221
-490.363861999999983254383550956845
-319.059173999999984516762197017670
220.589760000000012496457202360034
-276.249807999999973162630340084434
-193.039073999999999387000571005046
473.500759999999957017280394211411
308.344562999999993735400494188070
-412.792602999999985513568390160799
-3.662584000000000727936821931507
-478.077584000000001651642378419638
165.955931999999990011929185129702
68.117790999999996870428731199354
-170.695165000000002919477992691100
432.655001999999967665644362568855
-396.330920999999989362549968063831
-317.825489000000004580215318128467
124.381452999999993380697560496628
-234.465871999999990293872542679310
41.671798000000002559772838139907
110.902089999999986957845976576209
262.221761000000014973920769989491
447.821978999999998904968379065394
63.467247999999997887243807781488
67.786293999999998050043359398842
-257.605834999999956380634102970362
507.252406000000007679773261770606
460.567291000000011536030797287822
-528.917607999999972889781929552555
173.118797000000000707586877979338
-335.181407999999976254912326112390
148.986405999999988125637173652649
-238.801877999999987878254614770412
-56.604584000000002674823917914182
-46.636089999999995825419318862259
364.691359999999974661477608606219
-239.054678999999964617018122226000
339.717512999999939893314149230719
-312.438159999999982119334163144231
-10.527535999999997784470906481147
-81.300210000000006971276889089495
-104.008768000000003439708962105215
46.667324000000000694399204803631
175.844972999999981766450218856335
247.380239999999986366674420423806
-395.082497999999930016201687976718
-219.330465000000003783497959375381
-274.116362999999978455889504402876
757.989030999999954474333208054304
-305.181136999999978343112161383033
325.174567999999965195456752553582
-99.029284000000004084540705662221
123.053412999999991939148458186537
-329.751798999999948591721476987004
185.942468999999988454874255694449
-395.821898999999973511876305565238
71.571137999999990597643773071468
-671.196172999999930652847979217768
-246.369270999999969262717058882117
131.917457999999982121153152547777
607.638806999999928848410490900278
-32.587113000000016427293303422630
293.219622999999955936800688505173
158.424077000000039561200537718832
-532.216205999999942832801025360823
-121.177609000000003902641765307635
-41.684390000000000497948349220678
474.493029999999976098479237407446
-731.294809999999984029273036867380
-201.970828999999980624124873429537
-154.436755999999974164893501438200
-73.082753000000010956682672258466
-230.971774999999979627318680286407
-87.654339000000007331436790991575
139.940422999999981357177603058517
316.152695999999991727236192673445
-81.567445999999989680873113684356
98.745284999999967112671583890915
20.469303000000000025693225325085
118.774496999999982449480739887804
184.589008000000006859409040771425
361.961895999999967443727655336261
-96.546328999999985853719408623874
202.307618999999988318450050428510
-412.511573999999995976395439356565
114.767360999999993964593159034848
-461.446102999999936855601845309138
-38.836602999999996654878486879170
264.085883999999964544258546084166
-232.565054000000003497916623018682
-777.697074999999927058524917811155
75.428248999999993884557625278831
336.402866999999957897671265527606
399.274093999999934112565824761987
403.726712000000020452716853469610
-45.083899999999999863575794734061
519.182079000000044288753997534513
111.952838999999997326995071489364
339.834002999999938765540719032288
